chart_getlo: [0.5543337191764005, 0.5543337191764005, 0.5543337191764005, 0.5543337191764005, 0.5543337191764005]
chart_kanonizo: [
	random: [0.6013350574913501, 0.6059483451577954, 0.6245238178450355, 0.5591689092370602, 0.6534267640582953]
	greedy: [0.49288784818089676, 0.49288784818089676, 0.49288784818089676, 0.49288784818089676, 0.49288784818089676]
	randomsearch: [0.49288784818089676, 0.49288784818089676, 0.49288784818089676, 0.49288784818089676, 0.49288784818089676]
	additionalgreedy: [0.49288784818089676, 0.49288784818089676, 0.49288784818089676, 0.49288784818089676, 0.49288784818089676]
	geneticalgorithm: [0.6339251389228673, 0.6035543284521022, 0.6213434452871074, 0.6661133051410199, 0.5944151259916821]
	]
chart_modificare: [
	HC_FA: [0.5698375951453927, 0.5967413799151146, 0.7324529096074924, 0.7073204952821915, 0.6409379494194816]
	random: [0.5682591462345224, 0.6089305131712793, 0.6300817285769406, 0.6100354274088885, 0.5601564418253885]
	ART_man_avg: [0.6014767266477253, 0.6216808727068645, 0.5813953488372093, 0.6233645515451262, 0.5604195166438669]
	greedy: [0.5758357010066996, 0.5758357010066996, 0.5758357010066996, 0.5758357010066996, 0.5758357010066996]
	genetic: [0.611087726682802, 0.5673296152092322, 0.5811848889824266, 0.568662527622856, 0.61107018836157]
	SANN: [0.6816970079623978, 0.5790802904345996, 0.6308183380686802, 0.600389350731348, 0.6622996246799256]
	HC_SA: [0.5610158195657512, 0.6395699603633941, 0.6158230734154128, 0.7086709460170473, 0.6193131993405591]
	]
