chart_getlo: [0.5543337191764005, 0.5543337191764005, 0.5543337191764005, 0.5543337191764005, 0.5543337191764005, 0.5543337191764005, 0.5543337191764005, 0.5543337191764005, 0.5543337191764005, 0.5543337191764005], avg: 0.55433
chart_kanonizo: [
	random: [0.5933666515220355, 0.6889700485793171, 0.5848215845944151, 0.6430468668087932, 0.563712298605529, 0.6280886310418341, 0.6843218117638836, 0.6439904938314753, 0.6069269213294657, 0.7169817914933772], avg: 0.63542
	greedy: [0.6211686995421661, 0.6235976653968476, 0.623982106035718, 0.6264285464648937, 0.6196658861356726, 0.6241918009296474, 0.626026631251529, 0.6234403942264006, 0.6134449376157691, 0.6270226819976934], avg: 0.6229
	randomsearch: [0.6267081396567994, 0.6241918009296474, 0.62050466571139, 0.6226889875231538, 0.6264285464648937, 0.6228986824170832, 0.6243141229511062, 0.6212560724146368, 0.6119421242092755, 0.6205396148603781], avg: 0.62215
	additionalgreedy: [0.5575612483836019, 0.5219305909901095, 0.5565651976374375, 0.5523363506098626, 0.5431971481494426, 0.5514101981616748, 0.5490860797539581, 0.5465347918778178, 0.5659839932897635, 0.5480900290077937], avg: 0.54927
	geneticalgorithm: [0.7130849613811905, 0.6565547128927411, 0.5441233005976305, 0.5190822353475693, 0.6165379373012267, 0.5858525844895677, 0.6154894628315801, 0.6374724775451719, 0.5964771257819872, 0.6516094083109076], avg: 0.61363
	]
chart_modificare: [
	HC_FA: [0.5698375951453927, 0.5967413799151146, 0.7324529096074924, 0.7073204952821915, 0.5754849345820617, 0.6541092286646323, 0.6597916447437652, 0.6176821354659933, 0.6409379494194816, 0.5862710021396752], avg: 0.63406
	random: [0.5682591462345224, 0.6089305131712793, 0.6300817285769406, 0.6100354274088885, 0.5601564418253885, 0.601529341611421, 0.6206811883966467, 0.5452137921358168, 0.6219088708828792, 0.5474236206110351], avg: 0.59142
	ART_man_avg: [0.6014767266477253, 0.6216808727068645, 0.5813953488372093, 0.5680662247009717, 0.6386579676593357, 0.6233645515451262, 0.5604195166438669, 0.5718720404082921, 0.592444491213301, 0.6276439019257077], avg: 0.5987
	greedy: [0.5758357010066996, 0.5758357010066996, 0.5758357010066996, 0.5758357010066996, 0.5758357010066996, 0.5758357010066996, 0.5758357010066996, 0.5758357010066996, 0.5758357010066996, 0.5758357010066996], avg: 0.57584
	genetic: [0.611087726682802, 0.5673296152092322, 0.5811848889824266, 0.568662527622856, 0.61107018836157, 0.5257287172471851, 0.5697148268967694, 0.6018099547511312, 0.686870812725806, 0.5663650075414781], avg: 0.58898
	SANN: [0.6816970079623978, 0.5790802904345996, 0.6308183380686802, 0.5806587393454699, 0.600389350731348, 0.6735592269108001, 0.6622996246799256, 0.6708407871198568, 0.5572976954645902, 0.6576519695534743], avg: 0.62943
	HC_SA: [0.5610158195657512, 0.5779402995545266, 0.6022308744606967, 0.6395699603633941, 0.6617383984005051, 0.6541092286646323, 0.638272124592234, 0.6158230734154128, 0.7086709460170473, 0.6209267248938931], avg: 0.62803
	]
