lang_getlo: [0.7722132802269751, 0.7722132802269751, 0.7722132802269751, 0.7722132802269751, 0.7722132802269751], avg: 0.77221
lang_kanonizo: [
	random: [0.7852508650519031, 0.7341857698961939, 0.7703963019031143, 0.7531560878027682, 0.774701286764706], avg: 0.76354
	greedy: [0.7781141868512111, 0.7833585640138409, 0.7796212694636678, 0.7829260380622838, 0.7716736051038063], avg: 0.77914
	randomsearch: [0.7730049740484429, 0.7743904087370242, 0.7198207660410301, 0.7818109320934257, 0.7777830341695502], avg: 0.76536
	additionalgreedy: [0.7741335964532873, 0.7645098940311419, 0.7664968101211073, 0.7771410034602076, 0.7631785250865052], avg: 0.76909
	geneticalgorithm: [0.7793712153979239, 0.7490133001730105, 0.8073299632352942, 0.7708558607266437, 0.7455868836505191], avg: 0.77043
	]
lang_modificare: [
	HC_FA: [0.7980276080314274, 0.7756506438236578, 0.8074939982540376, 0.8074462570929725, 0.7874427106067219], avg: 0.79521
	random: [0.8079645896988215, 0.7621330750763858, 0.7972432889567874, 0.7949039720646006, 0.7964930707114797], avg: 0.79175
	ART_man_avg: [0.7765372653862942, 0.7730317001309471, 0.7756642841553906, 0.7842917939764295, 0.7756642841553906], avg: 0.77704
	greedy: [0.7552106067219554, 0.7552106067219554, 0.7552106067219554, 0.7552106067219554, 0.7552106067219554], avg: 0.75521
	genetic: [0.820738760366652, 0.8088512112614579, 0.777587570929725, 0.7509821038847665, 0.7437663683980794], avg: 0.78039
	SANN: [0.7674528044522042, 0.7494953077258838, 0.8039065910082933, 0.8113610323003055, 0.757986414229594], avg: 0.77804
	HC_SA: [0.7472514731558272, 0.7745321366215626, 0.7343477193365343, 0.8062936490615451, 0.7812841008293322], avg: 0.76874
	]
