math_getlo: [0.9139942908863051, 0.9139942908863051, 0.9139942908863051, 0.9139942908863051, 0.9139942908863051, 0.9139942908863051, 0.9139942908863051, 0.9139942908863051, 0.9139942908863051, 0.9139942908863051], avg: 0.91399
math_kanonizo: [
	random: [0.8731347554980944, 0.8753686719728496, 0.8578390772090017, 0.8601706328363837, 0.8535816734677387, 0.8719445678962466, 0.8638354679272218, 0.8606015918548746, 0.8784645064845865, 0.8703217378422421], avg: 0.86653
	greedy: [0.8884068657158634, 0.8878344982694302, 0.8877233916474756, 0.8877570603207952, 0.867538898327819, 0.8882233714462715, 0.88785974977442, 0.888433800654519, 0.8882856584919128, 0.8880516612123416], avg: 0.88601
	randomsearch: [0.8882216880126056, 0.8880819630183292, 0.8879052024834013, 0.8885247060724819, 0.8877082407444817, 0.8876089181581889, 0.8881459334976365, 0.8876173353265189, 0.8877284419484734, 0.8885819428171252], avg: 0.88801
	additionalgreedy: [0.862399499010141, 0.8566876085814714, 0.8589282587908906, 0.8576724172760697, 0.8641957227317415, 0.8660576003663152, 0.8620005252313038, 0.8676674416525083, 0.8678302560165919, 0.8628826444722772], avg: 0.86263
	geneticalgorithm: [0.8636805920299517, 0.8584383795940905, 0.8752659825192248, 0.8721735148748199, 0.8606116924568704, 0.8465971071875884, 0.8469977644000916, 0.8651451793193541, 0.8880567115133395, 0.870836868544032], avg: 0.86478
	]
math_modificare: [
	HC_FA: [0.9085636705423658, 0.8970131588108334, 0.8912506672236534, 0.901065237067465, 0.9053238645594003, 0.9068996727703126, 0.9130613381605515, 0.88397038687368, 0.9003365127990902, 0.9053238645594003], avg: 0.90128
	random: [0.9059295875977628, 0.907932418946831, 0.915874121005361, 0.8943581888649075, 0.9421685348928961, 0.9050987491006985, 0.8887395855090626, 0.9090278261273179, 0.9188307920815058, 0.9062498549513797], avg: 0.90942
	ART_man_avg: [0.9191139269883265, 0.9150641695096197, 0.9155724198751422, 0.9079254566130567, 0.9129708278214858, 0.9134558704077607, 0.9126760890250412, 0.9133885678479426, 0.9155724198751422, 0.919951727819165], avg: 0.91457
	genetic: [0.9033256747661816, 0.9184478637239203, 0.8997818468750726, 0.9159530274548029, 0.9072547517928009, 0.9328297245236603, 0.8992619926199262, 0.9121817633270672, 0.9032282020933416, 0.899893244215461], avg: 0.90922
	SANN: [0.9038687368005756, 0.9148251293833694, 0.922527791315649, 0.9103390656548075, 0.8870918331824827, 0.8921859407273318, 0.916639977720532, 0.8997957715426211, 0.929181461625937, 0.9174824201072199], avg: 0.90939
	HC_SA: [0.8993107289563461, 0.9076910580426559, 0.9244122629905545, 0.8912506672236534, 0.9208313026526491, 0.9059319083756875, 0.890828285641347, 0.9160319339042448, 0.9069994662210773, 0.88397038687368], avg: 0.90473
	]
