math_getlo: [0.9139942908863051, 0.9139942908863051, 0.9139942908863051, 0.9139942908863051, 0.9139942908863051], avg: 0.91399
math_kanonizo: [
	random: [0.8580730744885728, 0.8753686719728496, 0.85880705156694, 0.8804576919451066, 0.8507686558118864], avg: 0.8647
	greedy: [0.8876594211681683, 0.8884119160168613, 0.867538898327819, 0.8885011380011583, 0.888435484088185], avg: 0.88411
	randomsearch: [0.8879052024834013, 0.8883243774662304, 0.8877318088158055, 0.8880247262736859, 0.8885819428171252], avg: 0.88811
	additionalgreedy: [0.860143697897728, 0.8622715580515266, 0.8615308472384955, 0.8634112426433949, 0.8660576003663152], avg: 0.86268
	geneticalgorithm: [0.8666198672107525, 0.8790032052577, 0.8721735148748199, 0.8994283059270333, 0.8875415808115498], avg: 0.88095
	]
math_modificare: [
	HC_FA: [0.9085636705423658, 0.901065237067465, 0.9053238645594003, 0.9130613381605515, 0.9003365127990902], avg: 0.90567
	random: [0.9059295875977628, 0.907932418946831, 0.915874121005361, 0.8943581888649075, 0.9421685348928961], avg: 0.91325
	ART_man_avg: [0.9191139269883265, 0.9155724198751422, 0.9079254566130567, 0.9155724198751422, 0.919951727819165], avg: 0.91563
	genetic: [0.9033256747661816, 0.8997818468750726, 0.9159530274548029, 0.8992619926199262, 0.899893244215461], avg: 0.90364
	SANN: [0.9038687368005756, 0.9148251293833694, 0.922527791315649, 0.8870918331824827, 0.8997957715426211], avg: 0.90562
	HC_SA: [0.9076910580426559, 0.9244122629905545, 0.890828285641347, 0.8972127457123628, 0.9100605723038363], avg: 0.90604
	]
