TestCase,ExecutionTime,Passed
org.jfree.chart.axis.junit.SubCategoryAxisTests.test2275695,3,true
org.jfree.chart.renderer.xy.junit.StandardXYItemRendererTests.testNoDisplayedItem,6,true
org.jfree.chart.renderer.xy.junit.XYStepRendererTests.testDrawWithNullValue,8,true
org.jfree.chart.renderer.xy.junit.XYStepRendererTests.testDrawWithNullInfo,9,true
org.jfree.chart.plot.junit.CategoryPlotTests.testSerialization4,26,true
org.jfree.chart.renderer.xy.junit.StackedXYAreaRendererTests.testBug1593156,8,true
org.jfree.chart.renderer.xy.junit.StackedXYAreaRendererTests.testDrawWithNullInfo,10,true
org.jfree.chart.renderer.xy.junit.XYAreaRenderer2Tests.testDrawWithNullInfo,9,true
org.jfree.chart.renderer.category.junit.BoxAndWhiskerRendererTests.testBug1572478Vertical,3,true
org.jfree.chart.renderer.category.junit.BoxAndWhiskerRendererTests.testBug1572478Horizontal,4,true
org.jfree.chart.plot.junit.XYPlotTests.testSerialization4,15,true
org.jfree.chart.renderer.category.junit.BoxAndWhiskerRendererTests.testDrawWithNullMaxOutlier,7,true
org.jfree.chart.renderer.xy.junit.XYAreaRendererTests.testDrawWithNullInfo,16,true
org.jfree.chart.renderer.category.junit.GroupedStackedBarRendererTests.testDrawWithNullInfo,10,true
org.jfree.chart.renderer.category.junit.BoxAndWhiskerRendererTests.testDrawWithNullMinOutlier,4,true
org.jfree.chart.renderer.category.junit.BoxAndWhiskerRendererTests.testDrawWithNullMean,6,true
org.jfree.chart.renderer.xy.junit.XYStepAreaRendererTests.testDrawWithNullInfo,10,true
org.jfree.chart.renderer.category.junit.StatisticalBarRendererTests.testDrawWithNullMeanVertical,12,true
org.jfree.chart.renderer.category.junit.StatisticalBarRendererTests.testDrawWithNullMeanHorizontal,6,true
org.jfree.chart.renderer.category.junit.StatisticalBarRendererTests.testDrawWithNullDeviationHorizontal,7,true
org.jfree.chart.renderer.category.junit.StatisticalBarRendererTests.testDrawWithNullDeviationVertical,6,true
org.jfree.chart.renderer.category.junit.BoxAndWhiskerRendererTests.testDrawWithNullQ1,5,true
org.jfree.chart.renderer.category.junit.BoxAndWhiskerRendererTests.testDrawWithNullMaxRegular,5,true
org.jfree.chart.renderer.category.junit.BoxAndWhiskerRendererTests.testDrawWithNullQ3,8,true
org.jfree.chart.renderer.category.junit.BoxAndWhiskerRendererTests.testDrawWithNullMinRegular,5,true
org.jfree.chart.renderer.category.junit.BoxAndWhiskerRendererTests.testDrawWithNullMedian,5,true
org.jfree.chart.renderer.category.junit.StatisticalBarRendererTests.testDrawWithNullInfo,6,true
org.jfree.chart.plot.junit.CategoryPlotTests.testSerialization3,24,true
org.jfree.chart.renderer.xy.junit.StackedXYAreaRenderer2Tests.testDrawWithEmptyDataset,4,true
org.jfree.chart.plot.junit.XYPlotTests.testSerialization3,13,true
org.jfree.chart.renderer.category.junit.IntervalBarRendererTests.testDrawWithNullInfo,9,true
org.jfree.chart.renderer.category.junit.StatisticalLineAndShapeRendererTests.testDrawWithNullInfo,6,true
org.jfree.chart.renderer.category.junit.LayeredBarRendererTests.testDrawWithNullInfo,6,true
org.jfree.chart.renderer.category.junit.BoxAndWhiskerRendererTests.testDrawWithNullInfo,6,true
org.jfree.chart.renderer.category.junit.LevelRendererTests.testDrawWithNullInfo,4,true
org.jfree.chart.renderer.category.junit.MinMaxCategoryRendererTests.testDrawWithNullInfo,5,true
org.jfree.chart.plot.junit.CombinedDomainXYPlotTests.testNotification,5,true
org.jfree.chart.axis.junit.LogAxisTests.testAutoRange1,1,true
org.jfree.chart.plot.junit.XYPlotTests.testDrawSeriesWithZeroItems,3,true
org.jfree.chart.plot.junit.CombinedDomainCategoryPlotTests.testNotification,23,true
org.jfree.chart.axis.junit.LogAxisTests.testAutoRange3,1,true
org.jfree.chart.axis.junit.NumberAxisTests.testAutoRange4,1,true
org.jfree.chart.axis.junit.NumberAxisTests.testAutoRange1,0,true
org.jfree.chart.axis.junit.LogAxisTests.testXYAutoRange2,1,true
org.jfree.chart.axis.junit.LogAxisTests.testXYAutoRange1,0,true
org.jfree.chart.plot.junit.CombinedRangeCategoryPlotTests.testNotification,57,true
org.jfree.chart.axis.junit.ValueAxisTests.testAxisMargins,1,true
org.jfree.chart.axis.junit.NumberAxisTests.testAutoRange2,0,true
org.jfree.chart.axis.junit.NumberAxisTests.testAutoRange3,0,true
org.jfree.chart.axis.junit.NumberAxisTests.testXYAutoRange2,1,true
org.jfree.chart.axis.junit.NumberAxisTests.testXYAutoRange1,1,true
org.jfree.chart.plot.junit.CombinedRangeXYPlotTests.testNotification,13,true
org.jfree.chart.plot.junit.CategoryPlotTests.test1654215,10,true
org.jfree.chart.renderer.category.junit.BoxAndWhiskerRendererTests.testGetLegendItem,1,true
org.jfree.chart.renderer.xy.junit.XYLineAndShapeRendererTests.testFindRangeBounds,1,true
org.jfree.chart.renderer.xy.junit.XYLineAndShapeRendererTests.testFindDomainBounds,1,true
org.jfree.chart.renderer.xy.junit.XYBarRendererTests.testFindDomainBounds,1,true
org.jfree.chart.renderer.xy.junit.StackedXYAreaRenderer2Tests.testFindRangeBounds,1,true
org.jfree.chart.plot.junit.XYPlotTests.test1654215,5,true
org.jfree.chart.junit.BarChartTests.testDrawWithNullInfo,14,true
org.jfree.chart.junit.WaterfallChartTests.testDrawWithNullInfo,16,true
org.jfree.chart.plot.junit.XYPlotTests.testDrawRangeGridlines,5,true
org.jfree.chart.junit.StackedBarChart3DTests.testDrawWithNullInfo,5,true
org.jfree.chart.renderer.xy.junit.StackedXYBarRendererTests.testFindRangeBounds,3,true
org.jfree.chart.renderer.xy.junit.StackedXYBarRendererTests.testFindDomainBounds,1,true
org.jfree.chart.renderer.xy.junit.StackedXYAreaRendererTests.testFindRangeBounds,1,true
org.jfree.chart.renderer.category.junit.LineAndShapeRendererTests.testGetLegendItemSeriesIndex,1,true
org.jfree.chart.renderer.xy.junit.XYLineAndShapeRendererTests.testGetLegendItemSeriesIndex,1,true
org.jfree.chart.renderer.category.junit.BoxAndWhiskerRendererTests.testGetLegendItemSeriesIndex,1,true
org.jfree.chart.renderer.category.junit.BarRendererTests.testGetLegendItem,1,true
org.jfree.chart.renderer.category.junit.BarRendererTests.testGetLegendItemSeriesIndex,1,true
org.jfree.chart.renderer.xy.junit.StandardXYItemRendererTests.testGetLegendItemSeriesIndex,1,true
org.jfree.chart.junit.XYStepChartTests.testDrawWithNullInfo,8,true
org.jfree.chart.annotations.junit.XYTitleAnnotationTests.testDrawWithNullInfo,23,true
org.jfree.chart.renderer.xy.junit.XYBarRendererTests.testGetLegendItemSeriesIndex,1,true
org.jfree.chart.renderer.category.junit.LevelRendererTests.testGetLegendItemSeriesIndex,1,true
org.jfree.chart.junit.BarChart3DTests.testDrawWithNullInfo,15,true
org.jfree.chart.renderer.xy.junit.XYAreaRenderer2Tests.testGetLegendItemSeriesIndex,1,true
org.jfree.chart.renderer.category.junit.CategoryStepRendererTests.testGetLegendItemSeriesIndex,1,true
org.jfree.chart.renderer.xy.junit.XYAreaRendererTests.testGetLegendItemSeriesIndex,1,true
org.jfree.chart.renderer.category.junit.AreaRendererTests.testGetLegendItemSeriesIndex,1,true
org.jfree.chart.annotations.junit.XYBoxAnnotationTests.testDrawWithNullInfo,38,true
org.jfree.chart.renderer.xy.junit.XYDotRendererTests.testGetLegendItemSeriesIndex,1,true
org.jfree.chart.junit.LineChart3DTests.testDrawWithNullInfo,15,true
org.jfree.chart.renderer.xy.junit.XYDifferenceRendererTests.testGetLegendItemSeriesIndex,1,true
org.jfree.chart.junit.XYBarChartTests.testDrawWithNullInfo,7,true
org.jfree.chart.junit.AreaChartTests.testDrawWithNullInfo,9,true
org.jfree.chart.junit.LineChartTests.testDrawWithNullInfo,10,true
org.jfree.chart.junit.GanttChartTests.testDrawWithNullInfo2,80,true
org.jfree.chart.plot.junit.CombinedDomainCategoryPlotTests.testSerialization,8,true
org.jfree.chart.junit.XYAreaChartTests.testDrawWithNullInfo,9,true
org.jfree.chart.plot.junit.CombinedRangeCategoryPlotTests.testSerialization,15,true
org.jfree.chart.junit.StackedAreaChartTests.testDrawWithNullInfo,6,true
org.jfree.chart.junit.StackedBarChart3DTests.testSetSeriesURLGenerator,1,true
org.jfree.chart.junit.StackedBarChart3DTests.testSetSeriesToolTipGenerator,1,true
org.jfree.chart.junit.StackedBarChart3DTests.testReplaceDataset,2,true
org.jfree.chart.renderer.xy.junit.YIntervalRendererTests.testGetLegendItemSeriesIndex,1,true
org.jfree.chart.junit.WaterfallChartTests.testSetSeriesURLGenerator,2,true
org.jfree.chart.junit.WaterfallChartTests.testSetSeriesToolTipGenerator,2,true
org.jfree.chart.junit.BarChartTests.testSetSeriesURLGenerator,2,true
org.jfree.chart.junit.BarChartTests.testSetSeriesToolTipGenerator,1,true
org.jfree.chart.junit.BarChartTests.testReplaceDataset,3,true
org.jfree.chart.renderer.xy.junit.XYBubbleRendererTests.testGetLegendItemSeriesIndex,1,true
org.jfree.chart.junit.BarChart3DTests.testSetSeriesURLGenerator,2,true
org.jfree.chart.plot.junit.CategoryPlotTests.testSerialization5,10,true
org.jfree.chart.junit.BarChart3DTests.testSetSeriesToolTipGenerator,2,true
org.jfree.chart.junit.BarChart3DTests.testReplaceDataset,2,true
org.jfree.chart.plot.junit.CombinedDomainXYPlotTests.testSerialization,6,false
org.jfree.chart.junit.XYLineChartTests.testDrawWithNullInfo,5,true
org.jfree.chart.plot.junit.CombinedDomainCategoryPlotTests.testEquals,2,true
org.jfree.chart.junit.LineChart3DTests.testSetSeriesURLGenerator,1,true
org.jfree.chart.junit.LineChart3DTests.testSetSeriesToolTipGenerator,2,true
org.jfree.chart.junit.LineChart3DTests.testReplaceDataset,1,true
org.jfree.chart.junit.XYStepChartTests.testSetSeriesToolTipGenerator,1,true
org.jfree.chart.junit.XYStepChartTests.testReplaceDataset,2,true
org.jfree.chart.plot.junit.CategoryPlotTests.testSerialization2,6,true
org.jfree.chart.plot.junit.CombinedRangeCategoryPlotTests.testEquals,3,true
org.jfree.chart.plot.junit.CombinedDomainXYPlotTests.testEquals,2,true
org.jfree.chart.junit.XYStepAreaChartTests.testDrawWithNullInfo,7,true
org.jfree.chart.plot.junit.CombinedDomainCategoryPlotTests.testCloning,6,true
org.jfree.chart.junit.AreaChartTests.testSetSeriesURLGenerator,1,true
org.jfree.chart.junit.AreaChartTests.testSetSeriesToolTipGenerator,1,true
org.jfree.chart.junit.AreaChartTests.testReplaceDataset,1,true
org.jfree.chart.junit.LineChartTests.testSetSeriesURLGenerator,1,true
org.jfree.chart.junit.LineChartTests.testSetSeriesToolTipGenerator,1,true
org.jfree.chart.junit.LineChartTests.testReplaceDataset,2,true
org.jfree.chart.junit.ScatterPlotTests.testDrawWithNullInfo,6,true
org.jfree.chart.plot.junit.CombinedDomainXYPlotTests.testCloning,4,true
org.jfree.chart.plot.junit.CombinedRangeCategoryPlotTests.testCloning,7,true
org.jfree.chart.junit.StackedAreaChartTests.testSetSeriesURLGenerator,1,true
org.jfree.chart.junit.StackedAreaChartTests.testSetSeriesToolTipGenerator,1,true
org.jfree.chart.junit.StackedAreaChartTests.testReplaceDataset,2,true
org.jfree.chart.junit.JFreeChartTests.testSerialization4,33,false
org.jfree.chart.plot.junit.CategoryPlotTests.testSerialization,7,true
org.jfree.chart.junit.XYBarChartTests.testSetSeriesToolTipGenerator,1,true
org.jfree.chart.junit.XYBarChartTests.testReplaceDataset,2,true
org.jfree.chart.plot.junit.XYPlotTests.testSerialization5,6,true
org.jfree.chart.plot.junit.XYPlotTests.testSerialization2,6,false
org.jfree.chart.junit.XYAreaChartTests.testSetSeriesToolTipGenerator,2,true
org.jfree.chart.junit.XYAreaChartTests.testReplaceDataset,2,true
org.jfree.chart.plot.junit.CombinedRangeXYPlotTests.testSerialization,8,false
org.jfree.chart.plot.junit.PiePlotTests.testDrawWithNullLegendLabels,7,true
org.jfree.chart.junit.GanttChartTests.testDrawWithNullInfo,18,true
org.jfree.chart.plot.junit.XYPlotTests.testSerialization1,5,true
org.jfree.chart.plot.junit.CombinedRangeXYPlotTests.testEquals,3,true
org.jfree.chart.junit.JFreeChartTests.testSerialization3,46,true
org.jfree.chart.plot.junit.CombinedRangeXYPlotTests.testCloning,6,true
org.jfree.chart.plot.junit.CategoryPlotTests.testGetDomainAxisForDataset,1,true
org.jfree.chart.plot.junit.CategoryPlotTests.test1169972,1,true
org.jfree.chart.plot.junit.CategoryPlotTests.testAxisRange,1,true
org.jfree.chart.junit.StackedBarChartTests.testDrawWithNullInfo,8,true
org.jfree.chart.plot.junit.XYPlotTests.testGetRangeAxisForDataset,1,true
org.jfree.chart.plot.junit.XYPlotTests.testGetDomainAxisForDataset,2,true
org.jfree.chart.plot.junit.CategoryPlotTests.testGetRangeAxisForDataset,2,true
org.jfree.chart.junit.XYLineChartTests.testSetSeriesToolTipGenerator,1,true
org.jfree.chart.junit.XYLineChartTests.testReplaceDataset,1,true
org.jfree.chart.junit.PieChart3DTests.testNullValueInDataset,33,true
org.jfree.chart.junit.TimeSeriesChartTests.testDrawWithNullInfo,267,true
org.jfree.chart.junit.ChartPanelTests.test2502355_zoomInRange,7,true
org.jfree.chart.junit.ChartPanelTests.test2502355_restoreAutoDomainBounds,7,true
org.jfree.chart.junit.ChartPanelTests.test2502355_restoreAutoRangeBounds,7,true
org.jfree.chart.junit.XYStepAreaChartTests.testSetSeriesToolTipGenerator,2,true
org.jfree.chart.junit.XYStepAreaChartTests.testReplaceDataset,2,true
org.jfree.chart.junit.ChartPanelTests.test2502355_restoreAutoBounds,7,true
org.jfree.chart.junit.ChartPanelTests.test2502355_zoomOutDomain,7,true
org.jfree.chart.junit.ScatterPlotTests.testSetSeriesToolTipGenerator,2,true
org.jfree.chart.junit.ScatterPlotTests.testReplaceDataset,1,true
org.jfree.chart.junit.ChartPanelTests.test2502355_zoomOutBoth,7,true
org.jfree.chart.junit.ChartPanelTests.test2502355_zoomInBoth,8,true
org.jfree.chart.junit.ChartPanelTests.testSetMouseWheelEnabled,9,true
org.jfree.chart.junit.ChartPanelTests.test2502355_zoomInDomain,8,true
org.jfree.chart.junit.ChartPanelTests.test2502355_zoom,6,true
org.jfree.chart.junit.ChartPanelTests.test2502355_zoomOutRange,8,true
org.jfree.chart.renderer.junit.AbstractRendererTests.testPaintLookup,0,true
org.jfree.chart.renderer.junit.AbstractRendererTests.testOutlinePaintLookup,1,true
org.jfree.chart.renderer.junit.AbstractRendererTests.testFillPaintLookup,1,true
org.jfree.chart.plot.junit.PiePlot3DTests.testDrawWithNullDataset,2,true
org.jfree.chart.junit.StackedBarChartTests.testReplaceDataset,2,true
org.jfree.chart.junit.StackedBarChartTests.testSetSeriesToolTipGenerator,1,true
org.jfree.chart.junit.StackedBarChartTests.testSetSeriesURLGenerator,2,true
org.jfree.chart.plot.junit.CategoryPlotTests.testEquals,28,true
org.jfree.chart.junit.GanttChartTests.testSetSeriesURLGenerator,2,true
org.jfree.chart.junit.GanttChartTests.testSetSeriesToolTipGenerator,1,true
org.jfree.chart.junit.GanttChartTests.testReplaceDataset,2,true
org.jfree.chart.plot.junit.XYPlotTests.testEquals,15,true
org.jfree.chart.plot.junit.XYPlotTests.testGetLegendItems,1,true
org.jfree.chart.plot.junit.SpiderWebPlotTests.testDrawWithNullInfo,9,true
org.jfree.chart.plot.junit.XYPlotTests.testCloning3,2,true
org.jfree.chart.plot.junit.XYPlotTests.testCloning4,1,true
org.jfree.chart.plot.junit.XYPlotTests.testCloneIndependence,3,true
org.jfree.chart.junit.TimeSeriesChartTests.testReplaceDataset,2,true
org.jfree.chart.junit.TimeSeriesChartTests.testSetSeriesToolTipGenerator,2,true
org.jfree.chart.plot.junit.XYPlotTests.testCloning2,2,true
org.jfree.chart.renderer.category.junit.AbstractCategoryItemRendererTests.test2947660,0,false
org.jfree.chart.plot.junit.MultiplePiePlotTests.testEquals,3,true
org.jfree.chart.title.junit.LegendTitleTests.testSerialization,2,true
org.jfree.chart.plot.junit.CategoryPlotTests.testGetRangeAxisIndex,2,true
org.jfree.chart.plot.junit.CombinedDomainXYPlotTests.testRemoveSubplot,1,true
org.jfree.chart.plot.junit.MultiplePiePlotTests.testGetLegendItems,1,true
org.jfree.chart.plot.junit.PolarPlotTests.testCloning,4,true
org.jfree.chart.plot.junit.CombinedRangeCategoryPlotTests.testRemoveSubplot,1,true
org.jfree.chart.plot.junit.CategoryPlotTests.testGetDomainAxisIndex,1,true
org.jfree.chart.plot.junit.FastScatterPlotTests.testDrawWithNullInfo,18,true
org.jfree.chart.junit.PieChartTests.testReplaceDatasetOnPieChart,0,true
org.jfree.chart.plot.junit.XYPlotTests.testBug2817504,1,true
org.jfree.chart.plot.junit.MultiplePiePlotTests.testSerialization,5,true
org.jfree.chart.plot.junit.XYPlotTests.testSetNullRenderer,1,true
org.jfree.chart.renderer.category.junit.StackedBarRenderer3DTests.testFindRangeBounds,0,true
org.jfree.chart.plot.junit.XYPlotTests.testSetRenderer,0,true
org.jfree.chart.renderer.xy.junit.AbstractXYItemRendererTests.testFindDomainBounds,1,true
org.jfree.chart.plot.junit.XYPlotTests.testGetRendererForDataset,1,true
org.jfree.chart.title.junit.LegendTitleTests.testCloning,1,true
org.jfree.chart.plot.junit.CategoryPlotTests.testBug2817504,2,true
org.jfree.chart.plot.junit.CombinedRangeXYPlotTests.testRemoveSubplot,0,true
org.jfree.chart.plot.junit.PiePlotTests.testGetLegendItems,2,true
org.jfree.chart.renderer.category.junit.GroupedStackedBarRendererTests.testFindRangeBounds,1,true
org.jfree.chart.title.junit.LegendTitleTests.testHashcode,0,true
org.jfree.chart.title.junit.LegendTitleTests.testEquals,1,true
org.jfree.chart.plot.junit.CategoryPlotTests.testSetRenderer,1,true
org.jfree.chart.renderer.category.junit.StackedBarRendererTests.testFindRangeBounds,0,true
org.jfree.chart.plot.junit.CombinedDomainCategoryPlotTests.testRemoveSubplot,0,true
org.jfree.chart.plot.junit.MultiplePiePlotTests.testCloning,2,true
org.jfree.chart.plot.junit.MultiplePiePlotTests.testConstructor,4,true
org.jfree.chart.renderer.category.junit.BarRendererTests.testFindRangeBounds,0,true
org.jfree.chart.renderer.category.junit.AbstractCategoryItemRendererTests.testFindRangeBounds,1,true
org.jfree.chart.junit.MeterChartTests.testDrawWithNullInfo,14,true
org.jfree.chart.renderer.category.junit.StackedBarRenderer3DTests.testSerialization,2,true
org.jfree.chart.renderer.category.junit.BarRenderer3DTests.testSerialization,1,true
org.jfree.chart.junit.JFreeChartTests.testSerialization2,10,true
org.jfree.chart.renderer.category.junit.GanttRendererTests.testSerialization,2,true
org.jfree.chart.renderer.xy.junit.XYBarRendererTests.testFindRangeBounds,1,true
org.jfree.chart.junit.JFreeChartTests.testSerialization1,41,true
org.jfree.chart.plot.junit.RingPlotTests.testSerialization,3,true
org.jfree.chart.plot.junit.ThermometerPlotTests.testSerialization2,3,true
org.jfree.chart.renderer.xy.junit.ClusteredXYBarRendererTests.testFindDomainBounds,1,true
org.jfree.chart.junit.PieChart3DTests.testReplaceDatasetOnPieChart,1,true
org.jfree.chart.renderer.xy.junit.CandlestickRendererTests.testFindRangeBounds,1,true
org.jfree.chart.renderer.category.junit.WaterfallBarRendererTests.testSerialization,2,true
org.jfree.chart.renderer.category.junit.GroupedStackedBarRendererTests.testSerialization,2,true
org.jfree.chart.plot.junit.ThermometerPlotTests.testSerialization,3,true
org.jfree.chart.renderer.category.junit.AbstractCategoryItemRendererTests.testEquals,1,true
org.jfree.chart.plot.junit.CategoryPlotTests.testCloning3,1,true
org.jfree.chart.renderer.xy.junit.XYBlockRendererTests.testBug1766646B,0,true
org.jfree.chart.renderer.xy.junit.XYBlockRendererTests.testBug1766646A,1,true
org.jfree.chart.junit.ChartPanelTests.testSetChart,7,true
org.jfree.chart.plot.junit.FastScatterPlotTests.testSerialization,7,true
org.jfree.chart.renderer.category.junit.StackedBarRenderer3DTests.testCreateStackedValueList2a,1,true
org.jfree.chart.renderer.category.junit.StackedBarRenderer3DTests.testCreateStackedValueList2b,0,true
org.jfree.chart.renderer.category.junit.StackedBarRenderer3DTests.testCreateStackedValueList2c,0,true
org.jfree.chart.renderer.category.junit.StackedBarRenderer3DTests.testCreateStackedValueList2d,1,true
org.jfree.chart.renderer.category.junit.StackedBarRenderer3DTests.testCreateStackedValueList3a,1,true
org.jfree.chart.renderer.category.junit.StackedBarRenderer3DTests.testCreateStackedValueList3b,0,true
org.jfree.chart.renderer.category.junit.StackedBarRenderer3DTests.testCreateStackedValueList3c,0,true
org.jfree.chart.renderer.category.junit.StackedBarRenderer3DTests.testCreateStackedValueList3d,1,true
org.jfree.chart.renderer.category.junit.StackedBarRenderer3DTests.testCreateStackedValueList5,0,true
org.jfree.chart.renderer.category.junit.StackedBarRenderer3DTests.testCreateStackedValueList1c,0,true
org.jfree.chart.renderer.category.junit.StackedBarRenderer3DTests.testCreateStackedValueList1b,0,true
org.jfree.chart.renderer.category.junit.StackedBarRenderer3DTests.testCreateStackedValueList3,1,true
org.jfree.chart.renderer.category.junit.StackedBarRenderer3DTests.testCreateStackedValueList2,1,true
org.jfree.chart.renderer.category.junit.StackedBarRenderer3DTests.testHashcode,1,true
org.jfree.chart.renderer.category.junit.StackedBarRenderer3DTests.testEquals,1,true
org.jfree.chart.renderer.category.junit.StackedBarRenderer3DTests.testCreateStackedValueList1d,1,true
org.jfree.chart.renderer.category.junit.StackedBarRenderer3DTests.testCreateStackedValueList4,1,true
org.jfree.chart.renderer.category.junit.StackedBarRenderer3DTests.testCreateStackedValueList1a,1,true
org.jfree.chart.renderer.category.junit.StackedBarRenderer3DTests.testCreateStackedValueList1,0,true
org.jfree.chart.renderer.category.junit.StackedBarRendererTests.testSerialization,1,true
org.jfree.chart.renderer.xy.junit.HighLowRendererTests.testFindRangeBounds,0,true
org.jfree.chart.renderer.category.junit.StatisticalBarRendererTests.testSerialization,1,true
org.jfree.chart.renderer.category.junit.BarRenderer3DTests.testHashcode,1,true
org.jfree.chart.renderer.category.junit.IntervalBarRendererTests.testSerialization,2,true
org.jfree.chart.renderer.category.junit.LineRenderer3DTests.testSerialization,2,true
org.jfree.chart.plot.junit.MarkerTests.testListenersWithXYPlot,0,true
org.jfree.chart.plot.junit.MarkerTests.testListenersWithCategoryPlot,0,true
org.jfree.chart.renderer.category.junit.BarRenderer3DTests.testEquals,1,true
org.jfree.chart.junit.JFreeChartTests.testEquals2,1,true
org.jfree.chart.plot.junit.XYPlotTests.testRemoveDomainMarker,0,true
org.jfree.chart.junit.JFreeChartTests.testGetSubtitles,1,true
org.jfree.chart.junit.JFreeChartTests.testSubtitleCount,1,true
org.jfree.chart.plot.junit.XYPlotTests.testRemoveAnnotation,1,true
org.jfree.chart.plot.junit.PiePlot3DTests.testSerialization,3,true
org.jfree.chart.renderer.category.junit.GanttRendererTests.testHashcode,0,true
org.jfree.chart.renderer.category.junit.GanttRendererTests.testEquals,1,true
org.jfree.chart.plot.junit.XYPlotTests.testAddDomainMarker,1,true
org.jfree.chart.renderer.category.junit.BarRendererTests.testSerialization,1,true
org.jfree.chart.plot.junit.RingPlotTests.testEquals,1,true
org.jfree.chart.renderer.category.junit.LayeredBarRendererTests.testSerialization,2,true
org.jfree.chart.plot.junit.XYPlotTests.testAddRangeMarker,1,true
org.jfree.chart.plot.junit.ThermometerPlotTests.testEquals,2,true
org.jfree.chart.plot.junit.RingPlotTests.testCloning,1,true
org.jfree.chart.junit.JFreeChartTests.testAddSubtitle,1,true
org.jfree.chart.renderer.xy.junit.StackedXYAreaRendererTests.testSerialization,2,true
org.jfree.chart.plot.junit.PiePlotTests.testCloning_URLGenerator,0,true
org.jfree.chart.junit.JFreeChartTests.testTitleChangeEvent,1,true
org.jfree.chart.renderer.category.junit.StackedBarRenderer3DTests.testCloning,1,true
org.jfree.chart.plot.junit.CombinedDomainXYPlotTests.testConstructor1,0,true
org.jfree.chart.renderer.xy.junit.XYSplineRendererTests.testSerialization,2,true
org.jfree.chart.renderer.category.junit.BarRenderer3DTests.testCloning,0,true
org.jfree.chart.renderer.xy.junit.XYBarRendererTests.testSerialization2,1,true
org.jfree.chart.junit.JFreeChartTests.testGetSubtitle,1,true
org.jfree.chart.junit.JFreeChartTests.testLegendEvents,1,true
org.jfree.chart.renderer.xy.junit.XYLine3DRendererTests.testSerialization,1,true
org.jfree.chart.renderer.category.junit.DefaultCategoryItemRendererTests.testSerialization,1,true
org.jfree.chart.renderer.category.junit.WaterfallBarRendererTests.testEquals,1,true
org.jfree.chart.renderer.category.junit.WaterfallBarRendererTests.testHashcode,0,true
org.jfree.chart.axis.junit.DateAxisTests.testPreviousStandardDateMillisecondA,1,true
org.jfree.chart.renderer.xy.junit.XYStepRendererTests.testSerialization,2,true
org.jfree.chart.plot.junit.XYPlotTests.testRemoveRangeMarker,1,true
org.jfree.chart.plot.junit.CategoryPlotTests.testRemoveDomainMarker,1,true
org.jfree.chart.renderer.xy.junit.XYLineAndShapeRendererTests.testSerialization,1,true
org.jfree.chart.renderer.category.junit.GroupedStackedBarRendererTests.testEquals,1,true
org.jfree.chart.plot.junit.PiePlotTests.testSerialization,2,true
org.jfree.chart.title.junit.PaintScaleLegendTests.testSerialization,2,true
org.jfree.chart.axis.junit.DateAxisTests.testPreviousStandardDateMillisecondB,1,true
org.jfree.chart.renderer.xy.junit.XYErrorRendererTests.testSerialization2,1,true
org.jfree.chart.junit.JFreeChartTests.testEquals,70,true
org.jfree.chart.plot.junit.CategoryPlotTests.testAddDomainMarker,0,true
org.jfree.chart.plot.junit.FastScatterPlotTests.testEquals2,1,true
org.jfree.chart.renderer.category.junit.LineAndShapeRendererTests.testSerialization,1,true
org.jfree.chart.plot.junit.ThermometerPlotTests.testCloning,4,true
org.jfree.chart.renderer.category.junit.GanttRendererTests.testCloning,1,true
org.jfree.chart.renderer.xy.junit.XYErrorRendererTests.testSerialization,2,true
org.jfree.chart.renderer.xy.junit.XYBarRendererTests.testSerialization,1,true
org.jfree.chart.renderer.xy.junit.StandardXYItemRendererTests.testSerialization,1,true
org.jfree.chart.renderer.xy.junit.ClusteredXYBarRendererTests.testSerialization,2,true
org.jfree.chart.renderer.category.junit.StackedAreaRendererTests.testSerialization,1,true
org.jfree.chart.plot.junit.CategoryPlotTests.testCloning,2,true
org.jfree.chart.renderer.junit.AbstractRendererTests.testSerialization,2,true
org.jfree.chart.renderer.xy.junit.XYBlockRendererTests.testSerialization,2,true
org.jfree.chart.renderer.xy.junit.StackedXYAreaRenderer2Tests.testSerialization,2,true
org.jfree.chart.renderer.xy.junit.DeviationRendererTests.testSerialization,2,true
org.jfree.chart.renderer.category.junit.StackedBarRendererTests.testHashCode,1,true
org.jfree.chart.renderer.xy.junit.AbstractXYItemRendererTests.testEquals,1,true
org.jfree.chart.plot.junit.CategoryPlotTests.testAddRangeMarker,1,true
org.jfree.chart.renderer.xy.junit.StackedXYBarRendererTests.testSerialization,2,true
org.jfree.chart.renderer.category.junit.LineRenderer3DTests.testEquals,1,true
org.jfree.chart.renderer.category.junit.LineRenderer3DTests.testHashcode,0,true
org.jfree.chart.axis.junit.DateAxisTests.testPreviousStandardDateSecondA,1,true
org.jfree.chart.renderer.xy.junit.XYBoxAndWhiskerRendererTests.testSerialization,2,true
org.jfree.chart.renderer.category.junit.StatisticalBarRendererTests.testHashcode,2,true
org.jfree.chart.renderer.category.junit.IntervalBarRendererTests.testHashcode,0,true
org.jfree.chart.plot.junit.PiePlotTests.testEquals,3,true
org.jfree.chart.renderer.category.junit.AbstractCategoryItemRendererTests.testCloning1,1,true
org.jfree.chart.renderer.xy.junit.XYShapeRendererTests.testSerialization,1,true
org.jfree.chart.axis.junit.DateAxisTests.testBug2201869,1,true
org.jfree.chart.renderer.category.junit.StatisticalBarRendererTests.testEquals,0,true
org.jfree.chart.plot.junit.FastScatterPlotTests.testEquals,1,true
org.jfree.chart.renderer.category.junit.StackedBarRendererTests.testEquals,1,true
org.jfree.chart.plot.junit.CategoryPlotTests.testRemoveRangeMarker,1,true
org.jfree.chart.renderer.category.junit.IntervalBarRendererTests.testEquals,0,true
org.jfree.chart.renderer.xy.junit.CandlestickRendererTests.testSerialization,4,true
org.jfree.chart.renderer.category.junit.AbstractCategoryItemRendererTests.testCloning2,1,true
org.jfree.chart.renderer.xy.junit.YIntervalRendererTests.testEquals,1,true
org.jfree.chart.renderer.category.junit.GroupedStackedBarRendererTests.testCloning,1,true
org.jfree.chart.renderer.category.junit.WaterfallBarRendererTests.testCloning,1,true
org.jfree.chart.plot.junit.PiePlot3DTests.testEquals,0,true
org.jfree.chart.plot.junit.XYPlotTests.testCloning,1,true
org.jfree.chart.axis.junit.DateAxisTests.testPreviousStandardDateSecondB,1,true
org.jfree.chart.plot.junit.XYPlotTests.testCloning_QuadrantPaint,1,true
org.jfree.chart.renderer.category.junit.BarRendererTests.testEquals,1,true
org.jfree.chart.renderer.category.junit.LevelRendererTests.testSerialization,1,true
org.jfree.chart.plot.junit.XYPlotTests.testCloning_QuadrantOrigin,1,true
org.jfree.chart.renderer.category.junit.MinMaxCategoryRendererTests.testSerialization,2,true
org.jfree.chart.renderer.xy.junit.XYAreaRenderer2Tests.testSerialization,2,true
org.jfree.chart.renderer.category.junit.StatisticalLineAndShapeRendererTests.testSerialization,1,true
org.jfree.chart.renderer.category.junit.LayeredBarRendererTests.testHashcode,1,true
org.jfree.chart.renderer.xy.junit.XYLineAndShapeRendererTests.testEquals2,1,true
org.jfree.chart.renderer.category.junit.BarRendererTests.testHashcode,1,true
org.jfree.chart.renderer.category.junit.CategoryStepRendererTests.testSerialization,2,true
org.jfree.chart.renderer.category.junit.AbstractCategoryItemRendererTests.testCloning_LegendItemURLGenerator,1,true
org.jfree.chart.renderer.category.junit.AbstractCategoryItemRendererTests.testCloning_LegendItemLabelGenerator,0,true
org.jfree.chart.renderer.category.junit.AbstractCategoryItemRendererTests.testCloning_LegendItemToolTipGenerator,0,true
org.jfree.chart.renderer.xy.junit.HighLowRendererTests.testSerialization,2,true
org.jfree.chart.renderer.category.junit.AreaRendererTests.testSerialization,1,true
org.jfree.chart.plot.junit.PiePlotTests.testGetBaseSectionPaint,0,true
org.jfree.chart.renderer.xy.junit.XYAreaRendererTests.testSerialization,2,true
org.jfree.chart.renderer.xy.junit.XYSplineRendererTests.testHashcode,1,true
org.jfree.chart.renderer.category.junit.LayeredBarRendererTests.testEquals,1,true
org.jfree.chart.renderer.xy.junit.XYDotRendererTests.testSerialization,1,true
org.jfree.chart.plot.junit.PolarPlotTests.testEquals,1,true
org.jfree.chart.renderer.xy.junit.XYSplineRendererTests.testEquals,0,true
org.jfree.chart.plot.junit.CategoryPlotTests.testCloning2,1,true
org.jfree.chart.plot.junit.FastScatterPlotTests.testCloning,3,true
org.jfree.chart.renderer.category.junit.LineRenderer3DTests.testCloning,0,true
org.jfree.chart.renderer.category.junit.DefaultCategoryItemRendererTests.testHashcode,0,true
org.jfree.chart.renderer.xy.junit.WindItemRendererTests.testSerialization,1,true
org.jfree.chart.renderer.xy.junit.XYLineAndShapeRendererTests.testEquals,1,true
org.jfree.chart.renderer.category.junit.StackedBarRenderer3DTests.testPublicCloneable,0,true
org.jfree.chart.renderer.xy.junit.XYStepRendererTests.testHashcode,0,true
org.jfree.chart.renderer.category.junit.StackedBarRendererTests.testCloning,1,true
org.jfree.chart.axis.junit.DateAxisTests.testPreviousStandardDateHourB,1,true
org.jfree.chart.renderer.category.junit.BarRendererTests.testCloning,1,true
org.jfree.chart.axis.junit.DateAxisTests.testPreviousStandardDateHourA,0,true
org.jfree.chart.renderer.category.junit.BoxAndWhiskerRendererTests.testSerialization,2,true
org.jfree.chart.renderer.category.junit.StatisticalBarRendererTests.testCloning,0,true
org.jfree.chart.axis.junit.ModuloAxisTests.testSerialization,2,true
org.jfree.chart.renderer.xy.junit.XYLine3DRendererTests.testEquals,0,true
org.jfree.chart.renderer.category.junit.ScatterRendererTests.testSerialization,2,true
org.jfree.chart.title.junit.PaintScaleLegendTests.testEquals,1,true
org.jfree.chart.renderer.category.junit.IntervalBarRendererTests.testCloning,0,true
org.jfree.chart.renderer.xy.junit.XYStepAreaRendererTests.testSerialization,1,true
org.jfree.chart.renderer.xy.junit.XYLine3DRendererTests.testHashcode,2,true
org.jfree.chart.renderer.xy.junit.XYDifferenceRendererTests.testSerialization,1,true
org.jfree.chart.renderer.xy.junit.YIntervalRendererTests.testSerialization,2,true
org.jfree.chart.renderer.category.junit.DefaultCategoryItemRendererTests.testEquals,0,true
org.jfree.chart.renderer.xy.junit.XYStepRendererTests.testEquals,1,true
org.jfree.chart.renderer.junit.AbstractRendererTests.testEquals,4,true
org.jfree.chart.renderer.xy.junit.XYBubbleRendererTests.testSerialization,2,true
org.jfree.chart.renderer.xy.junit.XYBlockRendererTests.testEquals,0,true
org.jfree.chart.renderer.xy.junit.XYLineAndShapeRendererTests.testHashcode,1,true
org.jfree.chart.renderer.category.junit.LineAndShapeRendererTests.testEquals,0,true
org.jfree.chart.title.junit.PaintScaleLegendTests.testCloning,1,true
org.jfree.chart.renderer.xy.junit.XYBarRendererTests.testEquals,0,true
org.jfree.chart.axis.junit.DateAxisTests.testSerialization,10,true
org.jfree.chart.renderer.category.junit.BarRenderer3DTests.testPublicCloneable,0,true
org.jfree.chart.renderer.xy.junit.YIntervalRendererTests.testCloning,1,true
org.jfree.chart.plot.junit.PiePlotTests.testCloning_LegendLabelURLGenerator,0,true
org.jfree.chart.renderer.xy.junit.VectorRendererTests.testSerialization,2,true
org.jfree.chart.renderer.category.junit.StackedAreaRendererTests.testHashcode,1,true
org.jfree.chart.plot.junit.PlotTests.testEquals,1,true
org.jfree.chart.renderer.xy.junit.XYErrorRendererTests.testEquals,0,true
org.jfree.chart.renderer.xy.junit.StandardXYItemRendererTests.testEquals,0,true
org.jfree.chart.axis.junit.SymbolAxisTests.testSerialization,2,true
org.jfree.chart.renderer.xy.junit.StackedXYAreaRenderer2Tests.testHashcode,0,true
org.jfree.chart.renderer.xy.junit.DeviationRendererTests.testHashcode,1,true
org.jfree.chart.plot.junit.PiePlotTests.testCloning_LegendLabelToolTipGenerator,0,true
org.jfree.chart.renderer.category.junit.LineAndShapeRendererTests.testHashcode,1,true
org.jfree.chart.renderer.xy.junit.StandardXYItemRendererTests.testHashcode,1,true
org.jfree.chart.renderer.xy.junit.XYErrorRendererTests.testHashcode,2,true
org.jfree.chart.renderer.xy.junit.XYBarRendererTests.testHashcode,0,true
org.jfree.chart.title.junit.PaintScaleLegendTests.testHashcode,2,true
org.jfree.chart.plot.junit.PiePlotTests.testCloning_LegendItemShape,1,true
org.jfree.chart.renderer.xy.junit.XYBlockRendererTests.testHashcode,2,true
org.jfree.chart.renderer.xy.junit.ClusteredXYBarRendererTests.testHashcode,1,true
org.jfree.chart.plot.junit.PiePlotTests.testCloning,1,true
org.jfree.chart.axis.junit.DateAxisTests.testPreviousStandardDateDayA,1,true
org.jfree.chart.plot.junit.PiePlotTests.testCloning_LegendLabelGenerator,1,true
org.jfree.chart.renderer.category.junit.StackedAreaRendererTests.testEquals,0,true
org.jfree.chart.renderer.category.junit.GanttRendererTests.testPublicCloneable,1,true
org.jfree.chart.axis.junit.NumberAxisTests.testSerialization,2,true
org.jfree.chart.axis.junit.DateAxisTests.testPreviousStandardDateMonthA,1,true
org.jfree.chart.renderer.xy.junit.StackedXYAreaRenderer2Tests.testEquals,1,true
org.jfree.chart.renderer.category.junit.LayeredBarRendererTests.testCloning,0,true
org.jfree.chart.renderer.xy.junit.DeviationRendererTests.testEquals,1,true
org.jfree.chart.renderer.xy.junit.XYBoxAndWhiskerRendererTests.testHashcode,2,true
org.jfree.chart.renderer.xy.junit.XYBoxAndWhiskerRendererTests.testEquals,1,true
org.jfree.chart.renderer.xy.junit.StackedXYBarRendererTests.testHashcode,2,true
org.jfree.chart.renderer.xy.junit.XYSplineRendererTests.testCloning,0,true
org.jfree.chart.renderer.xy.junit.XYShapeRendererTests.testEquals,0,true
org.jfree.chart.renderer.xy.junit.ClusteredXYBarRendererTests.testEquals,1,true
org.jfree.chart.axis.junit.DateAxisTests.testPreviousStandardDateMonthB,1,true
org.jfree.chart.renderer.xy.junit.CandlestickRendererTests.testEquals,1,true
org.jfree.chart.renderer.xy.junit.StackedXYAreaRendererTests.testHashcode,2,true
org.jfree.chart.renderer.xy.junit.StackedXYBarRendererTests.testEquals,1,true
org.jfree.chart.renderer.xy.junit.StackedXYAreaRendererTests.testEquals,1,true
org.jfree.chart.renderer.xy.junit.XYLineAndShapeRendererTests.testCloning,1,true
org.jfree.chart.plot.junit.SpiderWebPlotTests.testSerialization,3,true
org.jfree.chart.renderer.category.junit.DefaultCategoryItemRendererTests.testCloning,1,true
org.jfree.chart.renderer.xy.junit.XYLine3DRendererTests.testCloning,0,true
org.jfree.chart.renderer.xy.junit.XYStepRendererTests.testCloning,0,true
org.jfree.chart.renderer.xy.junit.CandlestickRendererTests.testHashcode,3,true
org.jfree.chart.renderer.xy.junit.StackedXYAreaRendererTests.testCloning,1,true
org.jfree.chart.renderer.xy.junit.AbstractXYItemRendererTests.testCloning_LegendItemURLGenerator,1,true
org.jfree.chart.renderer.xy.junit.AbstractXYItemRendererTests.testCloning_LegendItemLabelGenerator,0,true
org.jfree.chart.renderer.xy.junit.AbstractXYItemRendererTests.testCloning_LegendItemToolTipGenerator,1,true
org.jfree.chart.renderer.category.junit.MinMaxCategoryRendererTests.testEquals,1,true
org.jfree.chart.renderer.category.junit.LevelRendererTests.testHashcode,1,true
org.jfree.chart.renderer.category.junit.AbstractCategoryItemRendererTests.testGetSeriesItemLabelGenerator,1,true
org.jfree.chart.renderer.xy.junit.XYBlockRendererTests.testCloning,1,true
org.jfree.chart.renderer.category.junit.LineRenderer3DTests.testPublicCloneable,1,true
org.jfree.chart.renderer.category.junit.LineAndShapeRendererTests.testCloning,1,true
org.jfree.chart.axis.junit.DateAxisTests.testPreviousStandardDateDayB,0,true
org.jfree.chart.renderer.category.junit.StatisticalLineAndShapeRendererTests.testHashcode,1,true
org.jfree.chart.renderer.category.junit.MinMaxCategoryRendererTests.testHashcode,2,true
org.jfree.chart.renderer.category.junit.StatisticalLineAndShapeRendererTests.testEquals,0,true
org.jfree.chart.axis.junit.LogarithmicAxisTests.testSerialization,2,true
org.jfree.chart.axis.junit.DateAxisTests.testEquals,2,true
org.jfree.chart.renderer.xy.junit.XYAreaRenderer2Tests.testHashcode,0,true
org.jfree.chart.axis.junit.CyclicNumberAxisTests.testSerialization,2,true
org.jfree.chart.renderer.category.junit.WaterfallBarRendererTests.testFindRangeBounds,1,true
org.jfree.chart.renderer.category.junit.WaterfallBarRendererTests.testPublicCloneable,0,true
org.jfree.chart.renderer.category.junit.AreaRendererTests.testHashcode,1,true
org.jfree.chart.axis.junit.DateAxisTests.testPreviousStandardDateYearA,1,true
org.jfree.chart.renderer.xy.junit.XYErrorRendererTests.testCloning2,0,true
org.jfree.chart.renderer.xy.junit.XYDotRendererTests.testHashcode,1,true
org.jfree.chart.renderer.category.junit.LevelRendererTests.testEquals,0,true
org.jfree.chart.axis.junit.DateAxisTests.testPreviousStandardDateYearB,1,true
org.jfree.chart.renderer.xy.junit.HighLowRendererTests.testEquals,1,true
org.jfree.chart.renderer.category.junit.AbstractCategoryItemRendererTests.testGetSeriesURLGenerator,0,true
org.jfree.chart.renderer.xy.junit.XYAreaRenderer2Tests.testEquals,0,true
org.jfree.chart.renderer.category.junit.GroupedStackedBarRendererTests.testPublicCloneable,1,true
org.jfree.chart.renderer.xy.junit.XYBarRendererTests.testCloning,1,true
org.jfree.chart.renderer.xy.junit.XYErrorRendererTests.testCloning,0,true
org.jfree.chart.renderer.xy.junit.XYDotRendererTests.testEquals,0,true
org.jfree.chart.renderer.category.junit.CategoryStepRendererTests.testEquals,0,true
org.jfree.chart.renderer.category.junit.StackedAreaRendererTests.testCloning,1,true
org.jfree.chart.renderer.xy.junit.HighLowRendererTests.testHashcode,1,true
org.jfree.chart.axis.junit.NumberAxis3DTests.testSerialization,2,true
org.jfree.chart.renderer.xy.junit.StandardXYItemRendererTests.testCloning,0,true
org.jfree.chart.renderer.xy.junit.StackedXYAreaRenderer2Tests.testCloning,1,true
org.jfree.chart.renderer.category.junit.AreaRendererTests.testEquals,1,true
org.jfree.chart.renderer.xy.junit.DeviationRendererTests.testCloning,0,true
org.jfree.chart.axis.junit.DateAxisTests.test1472942,0,true
org.jfree.chart.renderer.xy.junit.WindItemRendererTests.testHashcode,1,true
org.jfree.chart.renderer.xy.junit.ClusteredXYBarRendererTests.testCloning,0,true
org.jfree.chart.plot.junit.MeterPlotTests.testSerialization2,2,true
org.jfree.chart.renderer.category.junit.ScatterRendererTests.testEquals,0,true
org.jfree.chart.renderer.category.junit.BoxAndWhiskerRendererTests.testEquals,0,true
org.jfree.chart.renderer.category.junit.BoxAndWhiskerRendererTests.testHashcode,2,true
org.jfree.chart.renderer.xy.junit.XYStepAreaRendererTests.testHashcode,1,true
org.jfree.chart.renderer.xy.junit.XYBoxAndWhiskerRendererTests.testCloning,0,true
org.jfree.chart.renderer.xy.junit.XYDifferenceRendererTests.testEquals,1,true
org.jfree.chart.renderer.xy.junit.StackedXYBarRendererTests.testCloning,0,true
org.jfree.chart.renderer.xy.junit.XYStepAreaRendererTests.testEquals,0,true
org.jfree.chart.renderer.xy.junit.WindItemRendererTests.testEquals,0,true
org.jfree.chart.renderer.category.junit.ScatterRendererTests.testHashcode,2,true
org.jfree.chart.renderer.xy.junit.XYBubbleRendererTests.testHashcode,1,true
org.jfree.chart.renderer.xy.junit.XYShapeRendererTests.testCloning,1,true
org.jfree.chart.renderer.xy.junit.XYDifferenceRendererTests.testHashcode,4,true
org.jfree.chart.renderer.xy.junit.YIntervalRendererTests.testHashcode,2,true
org.jfree.chart.renderer.xy.junit.VectorRendererTests.testHashcode,2,true
org.jfree.chart.plot.junit.MeterPlotTests.testSerialization1,2,true
org.jfree.chart.renderer.xy.junit.XYBubbleRendererTests.testEquals,1,true
org.jfree.chart.renderer.category.junit.StatisticalBarRendererTests.testPublicCloneable,0,true
org.jfree.chart.renderer.xy.junit.CandlestickRendererTests.testCloning,1,true
org.jfree.chart.renderer.xy.junit.VectorRendererTests.testEquals,1,true
org.jfree.chart.renderer.category.junit.StackedBarRendererTests.testPublicCloneable,0,true
org.jfree.chart.axis.junit.DateAxisTests.testSetMinimumDate,1,true
org.jfree.chart.renderer.xy.junit.XYSplineRendererTests.testPublicCloneable,0,true
org.jfree.chart.axis.junit.SubCategoryAxisTests.testSerialization,1,true
org.jfree.chart.axis.junit.CategoryAxis3DTests.testSerialization,1,true
org.jfree.chart.renderer.category.junit.IntervalBarRendererTests.testPublicCloneable,0,true
org.jfree.chart.renderer.xy.junit.XYAreaRendererTests.testEquals,1,true
org.jfree.chart.renderer.category.junit.LevelRendererTests.testCloning,1,true
org.jfree.chart.plot.junit.CategoryPlotTests.testConstructor,1,true
org.jfree.chart.renderer.xy.junit.StackedXYAreaRendererTests.testPublicCloneable,0,true
org.jfree.chart.renderer.xy.junit.XYLineAndShapeRendererTests.testPublicCloneable,1,true
org.jfree.chart.axis.junit.DateAxisTests.testSetRange,1,true
org.jfree.chart.renderer.xy.junit.XYAreaRenderer2Tests.testCloning,0,true
org.jfree.chart.renderer.category.junit.CategoryStepRendererTests.testCloning,1,true
org.jfree.chart.renderer.xy.junit.XYStepRendererTests.testPublicCloneable,0,true
org.jfree.chart.renderer.category.junit.StatisticalLineAndShapeRendererTests.testCloning,0,true
org.jfree.chart.renderer.category.junit.MinMaxCategoryRendererTests.testCloning,1,true
org.jfree.chart.renderer.category.junit.DefaultCategoryItemRendererTests.testPublicCloneable,0,true
org.jfree.chart.renderer.xy.junit.XYLine3DRendererTests.testPublicCloneable,0,true
org.jfree.chart.renderer.junit.AbstractRendererTests.testCloning,2,true
org.jfree.chart.renderer.xy.junit.XYAreaRendererTests.testCloning,0,true
org.jfree.chart.renderer.xy.junit.HighLowRendererTests.testCloning,0,true
org.jfree.chart.renderer.category.junit.AreaRendererTests.testCloning,1,true
org.jfree.chart.axis.junit.ModuloAxisTests.testEquals,1,true
org.jfree.chart.renderer.category.junit.BarRendererTests.testPublicCloneable,0,true
org.jfree.chart.renderer.category.junit.BarRendererTests.testEventNotification,0,true
org.jfree.chart.axis.junit.PeriodAxisTests.testSerialization,4,true
org.jfree.chart.renderer.xy.junit.XYAreaRendererTests.testHashcode,1,true
org.jfree.chart.renderer.xy.junit.AbstractXYItemRendererTests.testFindRangeBounds,0,true
org.jfree.chart.renderer.xy.junit.StandardXYItemRendererTests.testPublicCloneable,1,true
org.jfree.chart.axis.junit.ModuloAxisTests.testHashCode,1,true
org.jfree.chart.renderer.category.junit.LineAndShapeRendererTests.testPublicCloneable,0,true
org.jfree.chart.renderer.xy.junit.XYDotRendererTests.testCloning,1,true
org.jfree.chart.axis.junit.DateAxisTests.testJava2DToValue,1,true
org.jfree.chart.plot.junit.SpiderWebPlotTests.testEquals,2,true
org.jfree.chart.axis.junit.ValueAxisTests.testEquals,1,true
org.jfree.chart.axis.junit.ModuloAxisTests.testCloning,1,true
org.jfree.chart.renderer.xy.junit.XYErrorRendererTests.testPublicCloneable,0,true
org.jfree.chart.renderer.xy.junit.WindItemRendererTests.testCloning,0,true
org.jfree.chart.renderer.category.junit.ScatterRendererTests.testCloning,1,true
org.jfree.chart.renderer.xy.junit.XYBlockRendererTests.testPublicCloneable,0,true
org.jfree.chart.renderer.category.junit.LayeredBarRendererTests.testPublicCloneable,1,true
org.jfree.chart.renderer.xy.junit.XYBarRendererTests.testPublicCloneable,0,true
org.jfree.chart.renderer.xy.junit.StackedXYAreaRenderer2Tests.testPublicCloneable,0,true
org.jfree.chart.renderer.category.junit.BoxAndWhiskerRendererTests.testCloning,1,true
org.jfree.chart.renderer.xy.junit.DeviationRendererTests.testPublicCloneable,0,true
org.jfree.chart.renderer.xy.junit.XYStepAreaRendererTests.testCloning,0,true
org.jfree.chart.renderer.junit.AbstractRendererTests.testHashCode,3,true
org.jfree.chart.renderer.xy.junit.XYBoxAndWhiskerRendererTests.testPublicCloneable,0,true
org.jfree.chart.renderer.category.junit.StackedAreaRendererTests.testPublicCloneable,0,true
org.jfree.chart.axis.junit.SymbolAxisTests.testEquals,1,true
org.jfree.chart.renderer.xy.junit.XYBubbleRendererTests.testCloning,1,true
org.jfree.chart.axis.junit.ExtendedCategoryAxisTests.testSerialization,1,true
org.jfree.chart.renderer.xy.junit.CandlestickRendererTests.testPublicCloneable,1,true
org.jfree.chart.axis.junit.DateAxisTests.testHashCode,1,true
org.jfree.chart.renderer.junit.AbstractRendererTests.testAutoPopulateFlagDefaults,0,true
org.jfree.chart.renderer.category.junit.StatisticalLineAndShapeRendererTests.test1562759,0,true
org.jfree.chart.axis.junit.NumberAxisTests.testEquals,0,true
org.jfree.chart.axis.junit.ValueAxisTests.testCloning,0,true
org.jfree.chart.renderer.junit.AbstractRendererTests.testEventNotification,0,true
org.jfree.chart.renderer.xy.junit.XYDifferenceRendererTests.testCloning,0,true
org.jfree.chart.renderer.xy.junit.ClusteredXYBarRendererTests.testPublicCloneable,0,true
org.jfree.chart.axis.junit.DateAxisTests.testSetMaximumDate,1,true
org.jfree.chart.axis.junit.SymbolAxisTests.testCloning,0,true
org.jfree.chart.renderer.xy.junit.VectorRendererTests.testCloning,0,true
org.jfree.chart.axis.junit.NumberAxisTests.testHashCode,0,true
org.jfree.chart.axis.junit.LogAxisTests.testSerialization,2,true
org.jfree.chart.axis.junit.NumberAxisTests.testTranslateJava2DToValue,0,true
org.jfree.chart.renderer.junit.AbstractRendererTests.testCloning2,1,true
org.jfree.chart.axis.junit.DateAxisTests.testCloning,1,true
org.jfree.chart.renderer.xy.junit.StackedXYBarRendererTests.testPublicCloneable,1,true
org.jfree.chart.axis.junit.NumberAxisTests.testCloning,0,true
org.jfree.chart.renderer.xy.junit.CandlestickRendererTests.testConstructor,1,true
org.jfree.chart.renderer.xy.junit.XYAreaRendererTests.testPublicCloneable,0,true
org.jfree.chart.renderer.category.junit.MinMaxCategoryRendererTests.testPublicCloneable,0,true
org.jfree.chart.axis.junit.CategoryAxisTests.testSerialization,1,true
org.jfree.chart.axis.junit.NumberAxisTests.testSetLowerBound,0,true
org.jfree.chart.renderer.category.junit.LevelRendererTests.testPublicCloneable,0,true
org.jfree.chart.renderer.category.junit.StatisticalLineAndShapeRendererTests.testPublicCloneable,0,true
org.jfree.chart.renderer.xy.junit.XYAreaRenderer2Tests.testPublicCloneable,0,true
org.jfree.data.general.junit.DatasetUtilitiesTests.testIterateToFindRangeBounds2_XYDataset,1,true
org.jfree.chart.renderer.category.junit.CategoryStepRendererTests.testPublicCloneable,0,true
org.jfree.chart.title.junit.CompositeTitleTests.testSerialization,2,true
org.jfree.chart.renderer.xy.junit.HighLowRendererTests.testPublicCloneable,0,true
org.jfree.chart.axis.junit.CyclicNumberAxisTests.testEquals,0,true
org.jfree.chart.axis.junit.CyclicNumberAxisTests.testHashCode,1,true
org.jfree.chart.plot.junit.SpiderWebPlotTests.testCloning,4,true
org.jfree.chart.renderer.xy.junit.XYDotRendererTests.testPublicCloneable,0,true
org.jfree.chart.axis.junit.PeriodAxisTests.testEquals,1,true
org.jfree.chart.renderer.junit.DefaultPolarItemRendererTests.testSerialization,2,true
org.jfree.chart.renderer.category.junit.AreaRendererTests.testPublicCloneable,1,true
org.jfree.chart.axis.junit.LogarithmicAxisTests.testValueToJava2D,0,true
org.jfree.chart.renderer.category.junit.BoxAndWhiskerRendererTests.testPublicCloneable,0,true
org.jfree.chart.renderer.xy.junit.YIntervalRendererTests.testPublicCloneable,0,true
org.jfree.chart.axis.junit.CyclicNumberAxisTests.testCloning,3,true
org.jfree.chart.axis.junit.LogarithmicAxisTests.testJava2DToValue,0,true
org.jfree.chart.renderer.xy.junit.XYStepAreaRendererTests.testPublicCloneable,0,true
org.jfree.chart.renderer.xy.junit.WindItemRendererTests.testPublicCloneable,1,true
org.jfree.chart.renderer.category.junit.ScatterRendererTests.testPublicCloneable,0,true
org.jfree.chart.renderer.xy.junit.XYDifferenceRendererTests.testPublicCloneable,0,true
org.jfree.chart.axis.junit.LogarithmicAxisTests.testAdjustedLog10,0,true
org.jfree.chart.plot.dial.junit.DialPlotTests.testSerialization,3,true
org.jfree.chart.axis.junit.PeriodAxisTests.testCloning,4,true
org.jfree.chart.axis.junit.LogarithmicAxisTests.testSwitchedLog10,0,true
org.jfree.data.general.junit.DatasetUtilitiesTests.testFindStackedRangeBoundsForTableXYDataset1,1,true
org.jfree.chart.renderer.xy.junit.XYBubbleRendererTests.testPublicCloneable,0,true
org.jfree.chart.axis.junit.PeriodAxisTests.testHashCode,1,true
org.jfree.chart.renderer.xy.junit.VectorRendererTests.testPublicCloneable,0,true
org.jfree.data.general.junit.DatasetUtilitiesTests.testSampleFunction2D,1,true
org.jfree.data.general.junit.DatasetUtilitiesTests.testFindDomainBounds,1,true
org.jfree.data.general.junit.DatasetUtilitiesTests.testFindMaximumDomainValue,2,true
org.jfree.chart.block.junit.LabelBlockTests.testSerialization,1,true
org.jfree.data.general.junit.DatasetUtilitiesTests.testFindMinimumDomainValue,1,true
org.jfree.chart.plot.junit.MeterPlotTests.testEquals,1,true
org.jfree.data.general.junit.DatasetUtilitiesTests.testFindMaximumRangeValue,2,true
org.jfree.data.general.junit.DatasetUtilitiesTests.testIterateRangeBounds2,1,true
org.jfree.data.general.junit.DatasetUtilitiesTests.testIterateRangeBounds3,2,true
org.jfree.data.general.junit.DatasetUtilitiesTests.testIterateRangeBounds,1,true
org.jfree.data.general.junit.DatasetUtilitiesTests.testIsEmptyOrNullXYDataset,1,true
org.jfree.data.general.junit.DatasetUtilitiesTests.testFindMinimumRangeValue,2,true
org.jfree.chart.plot.junit.PolarPlotTests.testSerialization,3,true
org.jfree.chart.plot.junit.CompassPlotTests.testSerialization,4,true
org.jfree.chart.axis.junit.PeriodAxisTests.test1932146,1,true
org.jfree.data.general.junit.DatasetUtilitiesTests.testBug2849731_3,1,true
org.jfree.chart.plot.dial.junit.DialPlotTests.testEquals,3,true
org.jfree.data.general.junit.DatasetUtilitiesTests.testBug2849731_2,1,true
org.jfree.chart.axis.junit.PeriodAxisTests.testEqualsWithLocale,9,true
org.jfree.chart.axis.junit.LogAxisTests.testTranslateJava2DToValue,1,true
org.jfree.chart.plot.junit.MeterPlotTests.testCloning,0,true
org.jfree.data.general.junit.DatasetUtilitiesTests.testFindRangeBounds,2,true
org.jfree.chart.title.junit.CompositeTitleTests.testCloning,1,true
org.jfree.data.general.junit.DatasetUtilitiesTests.testIterateToFindRangeBounds_StatisticalCategoryDataset,3,true
org.jfree.data.general.junit.DatasetUtilitiesTests.testIterateToFindRangeBounds_MultiValueCategoryDataset,2,true
org.jfree.chart.axis.junit.LogAxisTests.testHashCode,1,true
org.jfree.chart.renderer.junit.DefaultPolarItemRendererTests.testHashcode,0,true
org.jfree.chart.axis.junit.LogAxisTests.testEquals,1,true
org.jfree.chart.title.junit.LegendGraphicTests.testSerialization,1,true
org.jfree.chart.axis.junit.LogAxisTests.testSetLowerBound,0,true
org.jfree.chart.axis.junit.LogAxisTests.testTickMarksVisibleDefault,0,true
org.jfree.chart.renderer.junit.DefaultPolarItemRendererTests.testEquals,1,true
org.jfree.chart.axis.junit.LogAxisTests.testCloning,2,true
org.jfree.chart.title.junit.ShortTextTitleTests.testSerialization,2,true
org.jfree.chart.block.junit.LabelBlockTests.testCloning,0,true
org.jfree.chart.title.junit.DateTitleTests.testSerialization,1,true
org.jfree.chart.title.junit.CompositeTitleTests.testHashcode,1,true
org.jfree.chart.annotations.junit.XYTitleAnnotationTests.testSerialization,3,true
org.jfree.chart.junit.StandardChartThemeTests.testSerialization,3,true
org.jfree.chart.plot.dial.junit.DialPlotTests.testHashCode,0,true
org.jfree.chart.axis.junit.AxisTests.testEquals,1,true
org.jfree.chart.title.junit.CompositeTitleTests.testEquals,0,true
org.jfree.chart.axis.junit.CategoryAxisTests.testEquals,1,true
org.jfree.data.general.junit.DatasetUtilitiesTests.testIterateToFindRangeBounds1_XYDataset,1,true
org.jfree.chart.title.junit.TextTitleTests.testSerialization,1,true
org.jfree.chart.junit.StandardChartThemeTests.testEquals,2,true
org.jfree.chart.axis.junit.SubCategoryAxisTests.testEquals,1,true
org.jfree.data.general.junit.DatasetUtilitiesTests.testFindStackedRangeBounds_CategoryDataset3,1,true
org.jfree.chart.axis.junit.SubCategoryAxisTests.testHashCode,0,true
org.jfree.data.general.junit.DatasetUtilitiesTests.testFindDomainBounds_NaN,1,true
org.jfree.chart.axis.junit.SubCategoryAxisTests.testCloning,1,true
org.jfree.chart.renderer.junit.DefaultPolarItemRendererTests.testCloning,0,true
org.jfree.chart.block.junit.LabelBlockTests.testEquals,0,true
org.jfree.chart.axis.junit.CategoryAxis3DTests.testCloning,0,true
org.jfree.chart.labels.junit.BubbleXYItemLabelGeneratorTests.testGenerateLabel,1,true
org.jfree.data.statistics.junit.RegressionTests.testPowerRegression2b,0,true
org.jfree.data.statistics.junit.RegressionTests.testPowerRegression1b,0,true
org.jfree.chart.plot.dial.junit.DialPlotTests.testLayerListener,0,true
org.jfree.chart.axis.junit.AxisTests.testHashCode,1,true
org.jfree.data.time.junit.TimeSeriesCollectionTests.testGetSurroundingItems,1,true
org.jfree.chart.plot.dial.junit.DialPlotTests.testScaleListener,0,true
org.jfree.data.general.junit.DatasetUtilitiesTests.testFindStackedRangeBoundsForTableXYDataset2,1,true
org.jfree.data.time.junit.TimeSeriesCollectionTests.testSerialization,7,false
org.jfree.data.general.junit.DatasetUtilitiesTests.testFindMinimumStackedRangeValue,1,true
org.jfree.data.general.junit.DatasetUtilitiesTests.testFindMinimumStackedRangeValue2,1,true
org.jfree.data.general.junit.DatasetUtilitiesTests.testFindMaximumStackedRangeValue,1,true
org.jfree.data.general.junit.DatasetUtilitiesTests.testFindMaximumStackedRangeValue2,1,true
org.jfree.chart.plot.junit.CompassPlotTests.testEquals,1,true
org.jfree.chart.plot.dial.junit.DialPlotTests.testCloning,3,true
org.jfree.data.general.junit.DatasetUtilitiesTests.testIterateRangeBounds4,1,true
org.jfree.data.general.junit.DatasetUtilitiesTests.testIterateDomainBounds,9,true
org.jfree.chart.plot.dial.junit.DialPlotTests.testCapListener,1,true
org.jfree.data.general.junit.DatasetUtilitiesTests.testStackedRangeWithMap,1,true
org.jfree.chart.plot.dial.junit.DialPlotTests.testBackgroundListener,0,true
org.jfree.data.general.junit.DatasetUtilitiesTests.testIterateRangeBounds_CategoryDataset,1,true
org.jfree.data.statistics.junit.RegressionTests.testOLSRegression2b,1,true
org.jfree.chart.axis.junit.ExtendedCategoryAxisTests.testEquals,1,true
org.jfree.chart.axis.junit.ExtendedCategoryAxisTests.testCloning2,1,true
org.jfree.data.general.junit.DatasetUtilitiesTests.testFindRangeBounds2,1,true
org.jfree.chart.axis.junit.ExtendedCategoryAxisTests.testHashCode,0,true
org.jfree.chart.plot.junit.CategoryMarkerTests.testSerialization,2,true
org.jfree.data.statistics.junit.RegressionTests.testOLSRegression1b,2,true
org.jfree.chart.plot.dial.junit.DialPlotTests.testFrameListener,1,true
org.jfree.data.xy.junit.XYSeriesCollectionTests.testGetDomainBounds,1,true
org.jfree.chart.plot.junit.IntervalMarkerTests.testSerialization,0,true
org.jfree.chart.axis.junit.ExtendedCategoryAxisTests.testCloning,1,true
org.jfree.chart.axis.junit.AxisTests.testCloning,1,true
org.jfree.chart.title.junit.ShortTextTitleTests.testCloning,1,true
org.jfree.chart.plot.junit.CompassPlotTests.testCloning,4,true
org.jfree.data.time.junit.TimeSeriesTests.testBug1832432,1,true
org.jfree.chart.plot.junit.PieLabelRecordTests.testSerialization,4,true
org.jfree.chart.title.junit.DateTitleTests.testCloning,0,true
org.jfree.data.general.junit.DatasetUtilitiesTests.testIterateToFindRangeBounds_BoxAndWhiskerXYDataset,2,true
org.jfree.chart.axis.junit.CategoryAxisTests.testHashCode,0,true
org.jfree.chart.entity.junit.CategoryItemEntityTests.testSerialization,2,true
org.jfree.chart.block.junit.BlockContainerTests.testSerialization,1,true
org.jfree.chart.axis.junit.CategoryAxisTests.testCloning2,1,true
org.jfree.data.time.junit.TimeSeriesTests.testBug1864222,1,true
org.jfree.chart.labels.junit.StandardXYSeriesLabelGeneratorTests.testGenerateLabel,1,true
org.jfree.chart.block.junit.BorderArrangementTests.testBugX,0,true
org.jfree.data.xy.junit.TableXYDatasetTests.testTableXYDataset,1,true
org.jfree.data.time.junit.MovingAverageTests.test1,2,true
org.jfree.chart.title.junit.ShortTextTitleTests.testHashcode,1,true
org.jfree.data.xy.junit.TableXYDatasetTests.test788597,1,true
org.jfree.data.xy.junit.TableXYDatasetTests.testRemoveAllValuesForX,1,true
org.jfree.data.time.junit.TimeSeriesCollectionTests.testCloning,1,true
org.jfree.chart.title.junit.DateTitleTests.testHashcode,1,true
org.jfree.data.xy.junit.TableXYDatasetTests.testAutoPrune,1,true
org.jfree.data.xy.junit.TableXYDatasetTests.testPrune,1,true
org.jfree.data.time.junit.TimeSeriesTests.testCreateCopy2,1,true
org.jfree.data.general.junit.DatasetUtilitiesTests.testLimitPieDataset,1,true
org.jfree.data.xy.junit.XYSeriesCollectionTests.testGetRangeBounds,1,true
org.jfree.chart.plot.junit.ValueMarkerTests.test1802195,1,true
org.jfree.chart.title.junit.TextTitleTests.testCloning,0,true
org.jfree.chart.axis.junit.CategoryAxisTests.testCloning,0,true
org.jfree.data.time.junit.TimeSeriesTests.testCreateCopy1,1,true
org.jfree.data.general.junit.DatasetUtilitiesTests.testFindStackedRangeBounds_CategoryDataset1,2,true
org.jfree.data.general.junit.DatasetUtilitiesTests.testFindStackedRangeBounds_CategoryDataset2,2,true
org.jfree.chart.plot.junit.ValueMarkerTests.testSerialization,1,true
org.jfree.data.xy.junit.TableXYDatasetTests.testCloning,1,true
org.jfree.data.xy.junit.TableXYDatasetTests.testEquals,1,true
org.jfree.chart.block.junit.BorderArrangementTests.testSizingWithWidthConstraint,4,true
org.jfree.chart.title.junit.LegendGraphicTests.testEquals,0,true
org.jfree.chart.title.junit.TitleTests.testHashcode,0,true
org.jfree.data.general.junit.DatasetUtilitiesTests.testFindDomainBounds2,1,true
org.jfree.data.general.junit.DatasetUtilitiesTests.testFindDomainBounds3,1,true
org.jfree.chart.block.junit.GridArrangementTests.testNR,0,true
org.jfree.data.xy.junit.TableXYDatasetTests.testSerialization,3,false
org.jfree.data.time.junit.TimeSeriesTests.testHashCode,1,true
org.jfree.chart.plot.dial.junit.DialValueIndicatorTests.testSerialization,2,true
org.jfree.chart.block.junit.GridArrangementTests.testRN,1,true
org.jfree.chart.title.junit.LegendGraphicTests.testCloning2,1,true
org.jfree.data.xy.junit.DefaultTableXYDatasetTests.testAddSeries,1,true
org.jfree.chart.block.junit.EmptyBlockTests.testSerialization,1,true
org.jfree.chart.block.junit.GridArrangementTests.testGridNotFull_FR,0,true
org.jfree.chart.block.junit.GridArrangementTests.testRR,1,true
org.jfree.data.statistics.junit.DefaultStatisticalCategoryDatasetTests.testRemove,1,true
org.jfree.chart.title.junit.TextTitleTests.testHashcode,0,true
org.jfree.data.xy.junit.XYSeriesCollectionTests.testEquals,1,true
org.jfree.chart.block.junit.ColorBlockTests.testSerialization,1,true
org.jfree.chart.title.junit.DateTitleTests.testEquals,1,true
org.jfree.chart.plot.junit.DefaultDrawingSupplierTests.testSerialization,0,true
org.jfree.chart.block.junit.GridArrangementTests.testRF,0,true
org.jfree.chart.title.junit.LegendGraphicTests.testCloning,1,true
org.jfree.data.time.junit.TimeSeriesCollectionTests.testRemoveSeries_int,0,true
org.jfree.chart.title.junit.ShortTextTitleTests.testEquals,0,true
org.jfree.chart.junit.StandardChartThemeTests.testCloning,1,true
org.jfree.data.time.junit.TimeSeriesTests.testClone,1,true
org.jfree.chart.block.junit.AbstractBlockTests.testSerialization,1,true
org.jfree.chart.title.junit.TitleTests.testEquals,0,true
org.jfree.chart.title.junit.LegendGraphicTests.testHashcode,0,true
org.jfree.chart.labels.junit.StandardCategoryItemLabelGeneratorTests.testGenerateLabel,1,true
org.jfree.data.xy.junit.XYSeriesCollectionTests.testCloning,1,true
org.jfree.data.xy.junit.XYSeriesCollectionTests.testIndexOf,1,true
org.jfree.chart.annotations.junit.XYTitleAnnotationTests.testHashCode,1,true
org.jfree.data.statistics.junit.DefaultStatisticalCategoryDatasetTests.testGetRangeBounds,0,true
org.jfree.data.xy.junit.DefaultTableXYDatasetTests.testEquals,2,true
org.jfree.data.statistics.junit.DefaultBoxAndWhiskerCategoryDatasetTests.testRemove,0,true
org.jfree.data.general.junit.DatasetUtilitiesTests.testCumulativeRange1,1,true
org.jfree.data.general.junit.DatasetUtilitiesTests.testCumulativeRange2,1,true
org.jfree.data.general.junit.DatasetUtilitiesTests.testCumulativeRange3,1,true
org.jfree.data.general.junit.DatasetUtilitiesTests.testCumulativeRange_NaN,1,true
org.jfree.data.statistics.junit.DefaultBoxAndWhiskerCategoryDatasetTests.testAddUpdatesCachedRange,0,true
org.jfree.chart.title.junit.ImageTitleTests.testCloning,0,true
org.jfree.chart.title.junit.TextTitleTests.testEquals,0,true
org.jfree.data.xy.junit.DefaultTableXYDatasetTests.testCloning,2,true
org.jfree.data.general.junit.DatasetUtilitiesTests.testIterateDomainBounds_NaN,2,true
org.jfree.data.xy.junit.DefaultTableXYDatasetTests.testGetSeries,1,true
org.jfree.data.xy.junit.XYSeriesCollectionTests.testSerialization,4,false
org.jfree.chart.block.junit.BlockContainerTests.testCloning,1,true
org.jfree.data.statistics.junit.DefaultBoxAndWhiskerCategoryDatasetTests.testAdd,1,true
org.jfree.data.time.junit.TimeSeriesCollectionTests.testIndexOf,1,true
org.jfree.data.time.junit.TimeSeriesCollectionTests.testEquals,0,true
org.jfree.chart.junit.LegendItemTests.testSerialization2,1,true
org.jfree.data.xy.junit.DefaultTableXYDatasetTests.testSerialization,6,false
org.jfree.data.statistics.junit.DefaultStatisticalCategoryDatasetTests.testSerialization2,1,true
org.jfree.data.general.junit.DatasetUtilitiesTests.testMaximumStackedRangeValue,2,true
org.jfree.data.xy.junit.XYSeriesCollectionTests.testGetSeriesByKey,1,true
org.jfree.data.xy.junit.XYSeriesCollectionTests.testGetSeries,0,true
org.jfree.data.statistics.junit.DefaultStatisticalCategoryDatasetTests.testGetRangeBounds2,0,true
org.jfree.chart.util.junit.ShapeListTests.testSerialization,4,true
org.jfree.data.general.junit.DatasetUtilitiesTests.testIterateDomainBounds_NaN2,1,true
org.jfree.chart.annotations.junit.CategoryPointerAnnotationTests.testSerialization,2,true
org.jfree.data.general.junit.DatasetUtilitiesTests.testCreateCategoryDataset1,2,true
org.jfree.data.time.junit.TimeSeriesCollectionTests.testRemoveSeries,0,true
org.jfree.data.time.junit.TimeSeriesTests.testAdd_TimeSeriesDataItem,0,true
org.jfree.data.time.junit.TimeSeriesTests.testBug1075255,1,true
org.jfree.data.general.junit.DatasetUtilitiesTests.testIterateRangeBounds3_CategoryDataset,6,true
org.jfree.chart.entity.junit.StandardEntityCollectionTests.testSerialization,1,true
org.jfree.chart.entity.junit.CategoryItemEntityTests.testEquals,1,true
org.jfree.data.general.junit.DatasetUtilitiesTests.testFindRangeBounds_CategoryDataset,2,true
org.jfree.chart.annotations.junit.CategoryTextAnnotationTests.testSerialization,1,true
org.jfree.chart.title.junit.CompositeTitleTests.testConstructor,0,true
org.jfree.data.statistics.junit.DefaultStatisticalCategoryDatasetTests.testAdd,0,true
org.jfree.data.statistics.junit.DefaultBoxAndWhiskerCategoryDatasetTests.testGetRangeBounds,1,true
org.jfree.chart.title.junit.ImageTitleTests.testHashcode,1,true
org.jfree.data.time.junit.TimeSeriesTests.testEquals2,0,true
org.jfree.data.category.junit.CategoryToPieDatasetTests.testEquals,0,true
org.jfree.data.statistics.junit.DefaultStatisticalCategoryDatasetTests.testSerialization1,3,true
org.jfree.chart.entity.junit.CategoryItemEntityTests.testCloning,0,true
org.jfree.data.time.junit.TimePeriodValuesTests.test1161329,0,true
org.jfree.data.time.junit.TimeTableXYDatasetTests.testClone,1,true
org.jfree.chart.entity.junit.XYItemEntityTests.testSerialization,2,true
org.jfree.data.time.junit.TimePeriodValuesCollectionTests.test1161340,1,true
org.jfree.data.time.junit.TimeSeriesTests.testEquals,2,true
org.jfree.data.time.junit.TimeSeriesTests.testGetDataItem2,1,true
org.jfree.data.time.junit.TimeSeriesTests.testUpdate_RegularTimePeriod,1,true
org.jfree.data.gantt.junit.XYTaskDatasetTests.testEquals,1,true
org.jfree.data.time.junit.TimeSeriesCollectionTests.test1170825,2,true
org.jfree.data.statistics.junit.DefaultBoxAndWhiskerCategoryDatasetTests.test1701822,0,true
org.jfree.data.time.junit.TimeSeriesTests.testGetDataItem1,0,true
org.jfree.chart.annotations.junit.XYTextAnnotationTests.testSerialization,2,true
org.jfree.data.general.junit.DatasetUtilitiesTests.testIterateRangeBounds2_CategoryDataset,1,true
org.jfree.data.time.junit.TimePeriodValuesTests.testEquals,1,true
org.jfree.data.time.junit.TimePeriodValuesTests.testClone,0,true
org.jfree.data.gantt.junit.XYTaskDatasetTests.testCloning,1,true
org.jfree.data.xy.junit.XYSeriesCollectionTests.testRemoveSeries,1,true
org.jfree.data.time.junit.TimeSeriesTests.testCreateCopy3,0,true
org.jfree.data.time.junit.TimeSeriesTests.testAddOrUpdate4,1,true
org.jfree.data.time.junit.TimeSeriesTests.testRemoveAgedItems2,1,true
org.jfree.data.time.junit.TimeSeriesTests.testRemoveAgedItems3,0,true
org.jfree.data.time.junit.TimeSeriesTests.testRemoveAgedItems,1,true
org.jfree.data.time.junit.TimeSeriesTests.testRemoveAgedItems4,1,true
org.jfree.chart.block.junit.LineBorderTests.testSerialization,0,true
org.jfree.chart.block.junit.GridArrangementTests.testGridNotFull_FN,0,true
org.jfree.data.statistics.junit.DefaultStatisticalCategoryDatasetTests.testCloning,0,true
org.jfree.data.time.junit.TimeTableXYDatasetTests.testStandard,1,true
org.jfree.chart.entity.junit.PieSectionEntityTests.testSerialization,2,true
org.jfree.chart.block.junit.GridArrangementTests.testNF,0,true
org.jfree.chart.block.junit.GridArrangementTests.testNN,0,true
org.jfree.data.time.junit.TimeTableXYDatasetTests.testGetTimePeriod,1,true
org.jfree.data.xy.junit.CategoryTableXYDatasetTests.testCloning2,1,true
org.jfree.data.xy.junit.XYSeriesCollectionTests.test1170825,1,true
org.jfree.chart.annotations.junit.XYPointerAnnotationTests.testSerialization,2,true
org.jfree.data.xy.junit.CategoryTableXYDatasetTests.testCloning,2,true
org.jfree.data.time.junit.TimeTableXYDatasetTests.testEquals,2,true
org.jfree.chart.urls.junit.StandardCategoryURLGeneratorTests.testGenerateURL,1,true
org.jfree.data.time.junit.TimeSeriesTests.testAddOrUpdate3,1,true
org.jfree.data.time.junit.TimeTableXYDatasetTests.testSerialization,4,true
org.jfree.data.gantt.junit.SlidingGanttCategoryDatasetTests.testEquals,0,true
org.jfree.data.category.junit.CategoryToPieDatasetTests.testSerialization,1,true
org.jfree.data.time.junit.TimeTableXYDatasetTests.testClear,1,true
org.jfree.chart.axis.junit.TickUnitsTests.testCloning,1,true
org.jfree.chart.axis.junit.TickUnitsTests.testSerialization,1,true
org.jfree.chart.axis.junit.TickUnitsTests.testEquals,0,true
org.jfree.data.gantt.junit.XYTaskDatasetTests.testSerialization,2,false
org.jfree.data.statistics.junit.DefaultMultiValueCategoryDatasetTests.testGetRowCount,1,true
org.jfree.data.statistics.junit.DefaultMultiValueCategoryDatasetTests.testGetColumnCount,1,true
org.jfree.chart.block.junit.GridArrangementTests.testFN,1,true
org.jfree.data.xy.junit.CategoryTableXYDatasetTests.testAddSeries,0,true
org.jfree.data.statistics.junit.DefaultMultiValueCategoryDatasetTests.testEquals,1,true
org.jfree.data.time.ohlc.junit.OHLCSeriesCollectionTests.testEquals,1,true
org.jfree.data.gantt.junit.SlidingGanttCategoryDatasetTests.testCloning,1,true
org.jfree.data.statistics.junit.DefaultMultiValueCategoryDatasetTests.testCloning,0,true
org.jfree.chart.block.junit.BorderArrangementTests.testSizing,1,true
org.jfree.data.time.ohlc.junit.OHLCSeriesCollectionTests.testHashcode,1,true
org.jfree.data.xy.junit.CategoryTableXYDatasetTests.testEquals,0,true
org.jfree.data.time.ohlc.junit.OHLCSeriesCollectionTests.testCloning,1,true
org.jfree.data.xy.junit.CategoryTableXYDatasetTests.testSerialization,4,true
org.jfree.data.statistics.junit.DefaultMultiValueCategoryDatasetTests.testAddValue,1,true
org.jfree.data.statistics.junit.DefaultMultiValueCategoryDatasetTests.testGetValue,1,true
org.jfree.chart.annotations.junit.XYTitleAnnotationTests.testCloning,2,true
org.jfree.chart.block.junit.BlockContainerTests.testEquals,0,true
org.jfree.chart.annotations.junit.XYTitleAnnotationTests.testEquals,0,true
org.jfree.data.category.junit.SlidingCategoryDatasetTests.testGetColumnCount,1,true
org.jfree.data.category.junit.SlidingCategoryDatasetTests.testGetRowIndex,0,true
org.jfree.data.category.junit.SlidingCategoryDatasetTests.testGetColumnIndex,0,true
org.jfree.chart.labels.junit.StandardCategorySeriesLabelGeneratorTests.testGenerateLabel,1,true
org.jfree.data.general.junit.DatasetUtilitiesTests.testMinMaxRange,2,true
org.jfree.data.time.junit.SecondTests.testNext,1,true
org.jfree.data.time.junit.SecondTests.testGetLastMillisecond,0,true
org.jfree.chart.block.junit.GridArrangementTests.testNullBlock_FR,0,true
org.jfree.data.time.junit.TimeSeriesTests.testAddOrUpdate,2,true
org.jfree.data.time.junit.TimeSeriesTests.testAddOrUpdate2,2,true
org.jfree.data.time.junit.TimeSeriesTests.testGetMinY,2,true
org.jfree.data.time.junit.TimeSeriesTests.testGetMaxY,0,true
org.jfree.data.time.junit.SecondTests.testGetSerialIndex,0,true
org.jfree.data.category.junit.SlidingCategoryDatasetTests.testGetRowCount,0,true
org.jfree.data.time.junit.TimeSeriesTests.testClone2,1,true
org.jfree.chart.block.junit.GridArrangementTests.testGridNotFull_NN,1,true
org.jfree.data.time.junit.TimeSeriesTests.testRemoveAgedItems5,1,true
org.jfree.data.time.junit.TimeSeriesTests.testDelete_RegularTimePeriod,1,true
org.jfree.data.time.junit.TimeSeriesTests.testDelete,2,true
org.jfree.chart.plot.dial.junit.DialValueIndicatorTests.testHashCode,1,true
org.jfree.data.time.junit.SecondTests.testGetEnd,0,true
org.jfree.chart.plot.junit.MeterIntervalTests.testSerialization,1,true
org.jfree.chart.block.junit.EmptyBlockTests.testCloning,1,true
org.jfree.data.time.junit.SecondTests.testGetFirstMillisecondWithTimeZone,1,true
org.jfree.data.time.junit.SecondTests.testGetFirstMillisecondWithCalendar,1,true
org.jfree.data.time.junit.SecondTests.testGetLastMillisecondWithTimeZone,1,true
org.jfree.data.time.junit.SecondTests.testGetLastMillisecondWithCalendar,1,true
org.jfree.data.time.junit.SecondTests.testGetStart,1,true
org.jfree.data.time.ohlc.junit.OHLCSeriesCollectionTests.testSerialization,5,false
org.jfree.data.gantt.junit.SlidingGanttCategoryDatasetTests.testSerialization,3,false
org.jfree.chart.title.junit.ImageTitleTests.testEquals,0,true
org.jfree.data.time.junit.SecondTests.testGetFirstMillisecond,1,true
org.jfree.data.time.junit.SecondTests.testNotCloneable,1,true
org.jfree.chart.block.junit.ColorBlockTests.testCloning,0,true
org.jfree.data.time.junit.SecondTests.testEquals,1,true
org.jfree.data.category.junit.SlidingCategoryDatasetTests.testGetColumnKeys,0,true
org.jfree.data.statistics.junit.DefaultBoxAndWhiskerCategoryDatasetTests.testCloning,1,true
org.jfree.data.statistics.junit.DefaultBoxAndWhiskerCategoryDatasetTests.testSerialization,2,true
org.jfree.data.statistics.junit.DefaultBoxAndWhiskerCategoryDatasetTests.testEquals,1,true
org.jfree.chart.plot.junit.PieLabelRecordTests.testEquals,1,true
org.jfree.chart.junit.LegendItemTests.testSerialization,1,true
org.jfree.chart.block.junit.BlockBorderTests.testSerialization,1,true
org.jfree.data.category.junit.SlidingCategoryDatasetTests.testEquals,1,true
org.jfree.data.category.junit.CategoryToPieDatasetTests.testGetIndex,0,true
org.jfree.chart.axis.junit.PeriodAxisLabelInfoTests.testSerialization,2,true
org.jfree.data.category.junit.CategoryToPieDatasetTests.testGetValue,0,true
org.jfree.data.time.junit.SecondTests.testHashcode,1,true
org.jfree.chart.block.junit.AbstractBlockTests.testCloning,0,true
org.jfree.data.xy.junit.XYSeriesTests.testToArrayExample,2,true
org.jfree.data.category.junit.SlidingCategoryDatasetTests.testCloning,1,true
org.jfree.data.category.junit.SlidingCategoryDatasetTests.testSerialization,2,true
org.jfree.data.category.junit.DefaultCategoryDatasetTests.testIncrementValue,0,true
org.jfree.data.time.junit.MillisecondTests.testNext,1,true
org.jfree.data.time.junit.MillisecondTests.testGetLastMillisecond,0,true
org.jfree.data.gantt.junit.TaskSeriesCollectionTests.testGetSubIntervalCount,1,true
org.jfree.chart.plot.dial.junit.DialValueIndicatorTests.testEquals,0,true
org.jfree.data.category.junit.DefaultCategoryDatasetTests.testBug1835955,0,true
org.jfree.chart.junit.LegendItemCollectionTests.testSerialization,4,true
org.jfree.data.time.junit.TimePeriodValuesCollectionTests.testGetDomainBoundsWithInterval,1,true
org.jfree.data.category.junit.CategoryToPieDatasetTests.testGetKey,1,true
org.jfree.chart.plot.dial.junit.DialBackgroundTests.testSerialization,1,true
org.jfree.data.statistics.junit.DefaultStatisticalCategoryDatasetTests.testGetRangeUpperBound,1,true
org.jfree.data.category.junit.DefaultCategoryDatasetTests.testRemoveColumn,1,true
org.jfree.chart.block.junit.GridArrangementTests.testGridNotFull_FF,0,true
org.jfree.chart.title.junit.ImageTitleTests.testArrangeNN,1,true
org.jfree.chart.plot.dial.junit.StandardDialScaleTests.testSerialization,2,true
org.jfree.data.category.junit.DefaultCategoryDatasetTests.testGetRowCount,0,true
org.jfree.data.category.junit.DefaultCategoryDatasetTests.testGetColumnCount,1,true
org.jfree.chart.plot.junit.PlotRenderingInfoTests.testSerialization,0,true
org.jfree.data.statistics.junit.DefaultStatisticalCategoryDatasetTests.testGetRangeLowerBound,1,true
org.jfree.data.category.junit.DefaultCategoryDatasetTests.testRemoveRow,0,true
org.jfree.chart.plot.dial.junit.DialTextAnnotationTests.testSerialization,1,true
org.jfree.chart.needle.junit.ArrowNeedleTests.testSerialization,0,true
org.jfree.data.gantt.junit.TaskSeriesCollectionTests.test800324,1,true
org.jfree.data.time.junit.MillisecondTests.testGetSerialIndex,1,true
org.jfree.data.gantt.junit.TaskSeriesCollectionTests.test697153,1,true
org.jfree.data.time.junit.TimeSeriesTests.testDelete2,1,true
org.jfree.data.time.junit.TimeSeriesTests.testDelete3,1,true
org.jfree.data.category.junit.SlidingCategoryDatasetTests.testGetValue,1,true
org.jfree.data.time.junit.TimeSeriesTests.testGetIndex,1,true
org.jfree.data.category.junit.DefaultCategoryDatasetTests.testEquals,0,true
org.jfree.chart.needle.junit.LongNeedleTests.testSerialization,1,true
org.jfree.data.category.junit.DefaultCategoryDatasetTests.testRemoveValue,0,true
org.jfree.data.category.junit.DefaultCategoryDatasetTests.testSerialization,0,true
org.jfree.chart.needle.junit.ShipNeedleTests.testSerialization,1,true
org.jfree.chart.needle.junit.PointerNeedleTests.testSerialization,1,true
org.jfree.chart.needle.junit.MiddlePinNeedleTests.testSerialization,1,true
org.jfree.data.time.junit.TimePeriodValuesCollectionTests.testGetDomainBoundsWithoutInterval,1,true
org.jfree.data.time.junit.MillisecondTests.testGetFirstMillisecondWithTimeZone,1,true
org.jfree.data.time.junit.MillisecondTests.testGetFirstMillisecondWithCalendar,1,true
org.jfree.data.time.junit.MillisecondTests.testGetLastMillisecondWithTimeZone,1,true
org.jfree.data.time.junit.MillisecondTests.testGetLastMillisecondWithCalendar,1,true
org.jfree.data.time.junit.MillisecondTests.testGetStart,1,true
org.jfree.data.time.junit.MillisecondTests.testGetEnd,1,true
org.jfree.data.time.junit.MillisecondTests.testGetFirstMillisecond,1,true
org.jfree.data.time.junit.MillisecondTests.testNotCloneable,1,true
org.jfree.data.category.junit.DefaultCategoryDatasetTests.testGetValue,1,true
org.jfree.data.category.junit.DefaultCategoryDatasetTests.testCloning,1,true
org.jfree.data.time.junit.MillisecondTests.testEquals,1,true
org.jfree.data.category.junit.DefaultCategoryDatasetTests.testAddValue,1,true
org.jfree.chart.block.junit.GridArrangementTests.testNullBlock_FN,0,true
org.jfree.chart.needle.junit.WindNeedleTests.testSerialization,1,true
org.jfree.chart.entity.junit.LegendItemEntityTests.testEquals,0,true
org.jfree.chart.annotations.junit.CategoryLineAnnotationTests.testSerialization,1,true
org.jfree.chart.annotations.junit.XYShapeAnnotationTests.testSerialization,1,true
org.jfree.data.gantt.junit.TaskSeriesCollectionTests.testGetColumnIndex,0,true
org.jfree.chart.annotations.junit.XYLineAnnotationTests.testSerialization,2,true
org.jfree.data.general.junit.DatasetUtilitiesTests.test803660,2,true
org.jfree.data.gantt.junit.TaskSeriesCollectionTests.testGetPercentComplete,1,true
org.jfree.chart.needle.junit.PinNeedleTests.testSerialization,1,true
org.jfree.chart.needle.junit.PlumNeedleTests.testSerialization,1,true
org.jfree.data.time.junit.MillisecondTests.testHashcode,3,true
org.jfree.chart.needle.junit.LineNeedleTests.testSerialization,1,true
org.jfree.data.xy.junit.XYSeriesTests.testCloning3,1,true
org.jfree.chart.annotations.junit.XYBoxAnnotationTests.testSerialization,2,true
org.jfree.data.general.junit.DefaultKeyedValues2DDatasetTests.testCloning,1,true
org.jfree.data.general.junit.DefaultKeyedValues2DDatasetTests.testSerialization,4,true
org.jfree.chart.junit.ChartPanelTests.testGetListeners,7,true
org.jfree.data.general.junit.DatasetUtilitiesTests.testCalculatePieDatasetTotal,1,true
org.jfree.data.gantt.junit.TaskSeriesCollectionTests.testGetStartValue3,0,true
org.jfree.chart.plot.junit.IntervalMarkerTests.testEquals,0,true
org.jfree.chart.plot.dial.junit.DialCapTests.testSerialization,1,true
org.jfree.chart.plot.dial.junit.ArcDialFrameTests.testSerialization,0,true
org.jfree.chart.block.junit.BorderArrangementTests.testEquals,1,true
org.jfree.data.xy.junit.XYSeriesTests.testAddOrUpdate,1,true
org.jfree.chart.annotations.junit.XYPolygonAnnotationTests.testSerialization,4,true
org.jfree.data.xy.junit.YIntervalSeriesCollectionTests.testCloning,1,true
org.jfree.data.xy.junit.YIntervalSeriesCollectionTests.testSerialization,2,true
org.jfree.data.xy.junit.YIntervalSeriesCollectionTests.testEquals,0,true
org.jfree.chart.axis.junit.CategoryTickTests.testEquals,1,true
org.jfree.data.xy.junit.XYIntervalSeriesCollectionTests.testCloning,1,true
org.jfree.data.xy.junit.XYIntervalSeriesCollectionTests.testSerialization,3,true
org.jfree.data.xy.junit.XYIntervalSeriesCollectionTests.testEquals,0,true
org.jfree.data.time.ohlc.junit.OHLCSeriesTests.testEquals,1,true
org.jfree.data.xy.junit.XYSeriesTests.testUpdate,1,true
org.jfree.data.gantt.junit.TaskSeriesCollectionTests.testGetEndValue2,1,true
org.jfree.data.time.ohlc.junit.OHLCSeriesTests.testCloning,0,true
org.jfree.data.time.ohlc.junit.OHLCSeriesTests.testSerialization,1,true
org.jfree.chart.plot.junit.CategoryMarkerTests.testEquals,0,true
org.jfree.data.xy.junit.XYSeriesTests.testGetMinY,2,true
org.jfree.data.xy.junit.XYSeriesTests.testGetMaxY,2,true
org.jfree.data.xy.junit.XYSeriesTests.testUpdateXY,2,true
org.jfree.data.xy.junit.XYSeriesTests.testGetMinX,1,true
org.jfree.data.xy.junit.XYSeriesTests.testGetMaxX,1,true
org.jfree.data.xy.junit.XYSeriesTests.testUpdateByIndex2,1,true
org.jfree.data.xy.junit.XYSeriesTests.testBug1955483,1,true
org.jfree.chart.plot.dial.junit.DialPointerTests.testSerialization2,1,true
org.jfree.data.xy.junit.VectorSeriesCollectionTests.testEquals,1,true
org.jfree.data.xy.junit.XYSeriesTests.testAddOrUpdate2,1,true
org.jfree.data.xy.junit.VectorSeriesCollectionTests.testCloning,1,true
org.jfree.chart.plot.junit.CategoryMarkerTests.testCloning,0,true
org.jfree.chart.util.junit.StrokeMapTests.testSerialization2,1,true
org.jfree.data.time.junit.TimeSeriesTests.testAdd,1,true
org.jfree.chart.plot.junit.DefaultDrawingSupplierTests.testEquals,1,true
org.jfree.chart.plot.dial.junit.AbstractDialLayerTests.testSerialization,1,true
org.jfree.data.statistics.junit.DefaultMultiValueCategoryDatasetTests.testSerialization,2,true
org.jfree.chart.plot.dial.junit.DialPointerTests.testSerialization,1,true
org.jfree.chart.plot.dial.junit.StandardDialRangeTests.testSerialization,1,true
org.jfree.data.statistics.junit.DefaultMultiValueCategoryDatasetTests.testGetValue2,1,true
org.jfree.data.gantt.junit.TaskSeriesCollectionTests.testGetEndValue,1,true
org.jfree.data.gantt.junit.TaskSeriesCollectionTests.testGetStartValue,1,true
org.jfree.data.gantt.junit.TaskSeriesCollectionTests.testGetRowIndex,1,true
org.jfree.chart.plot.junit.IntervalMarkerTests.testCloning,0,true
org.jfree.chart.renderer.junit.LookupPaintScaleTests.testSerialization,2,true
org.jfree.chart.plot.junit.MarkerTests.testGetSetLabelAnchor,0,true
org.jfree.data.time.junit.TimeSeriesTests.testSetMaximumItemCount,2,true
org.jfree.data.time.ohlc.junit.OHLCSeriesTests.testAdditionOfDuplicatePeriod,0,true
org.jfree.data.statistics.junit.DefaultStatisticalCategoryDatasetTests.testEquals,0,true
org.jfree.chart.entity.junit.XYItemEntityTests.testEquals,0,true
org.jfree.chart.annotations.junit.XYPointerAnnotationTests.testHashCode,1,true
org.jfree.chart.util.junit.StrokeListTests.testSerialization,1,true
org.jfree.data.xy.junit.CategoryTableXYDatasetTests.testPublicCloneable,0,true
org.jfree.data.time.ohlc.junit.OHLCSeriesTests.testSetMaximumItemCount2,1,true
org.jfree.data.time.ohlc.junit.OHLCSeriesTests.testSetMaximumItemCount,0,true
org.jfree.data.time.ohlc.junit.OHLCSeriesTests.testIndexOf,1,true
org.jfree.data.time.ohlc.junit.OHLCSeriesTests.testRemove,1,true
org.jfree.chart.util.junit.SerialUtilitiesTests.testGeneralPathSerialization,3,true
org.jfree.chart.util.junit.SerialUtilitiesTests.testLine2DFloatSerialization,0,true
org.jfree.chart.util.junit.SerialUtilitiesTests.testLine2DDoubleSerialization,1,true
org.jfree.chart.util.junit.SerialUtilitiesTests.testArc2DFloatSerialization,1,true
org.jfree.chart.block.junit.GridArrangementTests.testNullBlock_FF,1,true
org.jfree.chart.annotations.junit.CategoryPointerAnnotationTests.testHashCode,1,true
org.jfree.chart.plot.junit.DefaultDrawingSupplierTests.testCloning,0,true
org.jfree.chart.plot.dial.junit.StandardDialFrameTests.testSerialization,1,true
org.jfree.data.time.ohlc.junit.OHLCSeriesTests.testClear,0,true
org.jfree.data.gantt.junit.TaskSeriesCollectionTests.testGetStartValue2,0,true
org.jfree.chart.entity.junit.StandardEntityCollectionTests.testCloning,1,true
org.jfree.chart.entity.junit.StandardEntityCollectionTests.testEquals,1,true
org.jfree.chart.util.junit.PaintListTests.testSerialization,1,true
org.jfree.chart.plot.junit.ValueMarkerTests.testEquals,1,true
org.jfree.chart.util.junit.PaintMapTests.testSerialization2,1,true
org.jfree.data.xy.junit.VectorSeriesCollectionTests.testSerialization,6,false
org.jfree.chart.plot.junit.MarkerTests.testGetSetLabelTextAnchor,1,true
org.jfree.chart.axis.junit.CategoryTickTests.testHashCode,1,true
org.jfree.data.xy.junit.XYSeriesTests.testHashCode,1,true
org.jfree.chart.junit.ChartRenderingInfoTests.testSerialization2,1,true
org.jfree.data.xy.junit.XYSeriesTests.testDelete,1,true
org.jfree.chart.junit.ChartRenderingInfoTests.testSerialization,3,true
org.jfree.chart.plot.dial.junit.DialValueIndicatorTests.testCloning,1,true
org.jfree.chart.block.junit.ColorBlockTests.testEquals,1,true
org.jfree.chart.plot.junit.PieLabelRecordTests.testCloning,0,true
org.jfree.data.xy.junit.XYSeriesTests.testUpdateByIndex3,2,true
org.jfree.data.xy.junit.XYSeriesTests.testRemove2,1,true
org.jfree.data.xy.junit.XYSeriesTests.testSetMaximumItemCount3,1,true
org.jfree.data.time.junit.TimePeriodValuesTests.testGetMaxStartIndex,1,true
org.jfree.data.time.junit.TimePeriodValuesTests.testGetMinStartIndex,1,true
org.jfree.data.time.junit.TimePeriodValuesTests.testGetMaxMiddleIndex,1,true
org.jfree.data.time.junit.TimePeriodValuesTests.testGetMinMiddleIndex,1,true
org.jfree.chart.block.junit.AbstractBlockTests.testEquals,0,true
org.jfree.data.xy.junit.XYSeriesTests.testRemove,1,true
org.jfree.data.gantt.junit.TaskSeriesCollectionTests.testGetEndValue3,1,true
org.jfree.chart.entity.junit.XYItemEntityTests.testCloning,1,true
org.jfree.chart.block.junit.EmptyBlockTests.testEquals,0,true
org.jfree.chart.block.junit.GridArrangementTests.testNullBlock_NN,0,true
org.jfree.chart.entity.junit.PieSectionEntityTests.testEquals,0,true
org.jfree.data.xy.junit.XYSeriesTests.testToArray,1,true
org.jfree.data.xy.junit.XYSeriesTests.testIndexOf,1,true
org.jfree.data.xy.junit.XYSeriesTests.testIndexOf2,1,true
org.jfree.data.gantt.junit.TaskSeriesCollectionTests.testEquals,1,true
org.jfree.data.gantt.junit.TaskSeriesCollectionTests.testGetColumnCount,1,true
org.jfree.data.gantt.junit.TaskSeriesCollectionTests.testCloning,1,true
org.jfree.data.gantt.junit.TaskSeriesCollectionTests.testGetRowKey,0,true
org.jfree.data.gantt.junit.TaskSeriesCollectionTests.testGetRowCount,1,true
org.jfree.data.time.ohlc.junit.OHLCSeriesCollectionTests.testRemoveSeries_int,1,true
org.jfree.data.time.junit.HourTests.testGetSerialIndex,1,true
org.jfree.data.time.junit.HourTests.testNext,1,true
org.jfree.data.time.junit.HourTests.testGetLastMillisecond,1,true
org.jfree.chart.annotations.junit.XYTextAnnotationTests.testHashCode,1,true
org.jfree.data.time.junit.HourTests.testGetEnd,1,true
org.jfree.data.time.ohlc.junit.OHLCSeriesCollectionTests.testRemoveAllSeries,1,true
org.jfree.data.category.junit.DefaultIntervalCategoryDatasetTests.testSetCategoryKeys,0,true
org.jfree.chart.annotations.junit.CategoryPointerAnnotationTests.testEquals,1,true
org.jfree.data.time.junit.HourTests.testParseHour,0,true
org.jfree.data.time.junit.HourTests.testGetFirstMillisecondWithTimeZone,0,true
org.jfree.data.time.junit.HourTests.testGetFirstMillisecondWithCalendar,0,true
org.jfree.data.time.junit.HourTests.testGetLastMillisecondWithTimeZone,1,true
org.jfree.data.time.junit.HourTests.testGetLastMillisecondWithCalendar,1,true
org.jfree.data.time.junit.HourTests.testGetStart,1,true
org.jfree.chart.entity.junit.PieSectionEntityTests.testCloning,2,true
org.jfree.data.time.junit.TimeSeriesTests.testSerialization,3,true
org.jfree.chart.axis.junit.SegmentedTimelineTests2.test8,2,true
org.jfree.chart.axis.junit.SegmentedTimelineTests2.test1,1,true
org.jfree.chart.axis.junit.SegmentedTimelineTests2.test3,0,true
org.jfree.chart.axis.junit.SegmentedTimelineTests2.test7,1,true
org.jfree.chart.axis.junit.SegmentedTimelineTests2.test4,1,true
org.jfree.chart.axis.junit.SegmentedTimelineTests2.test2,0,true
org.jfree.chart.axis.junit.SegmentedTimelineTests2.test5,1,true
org.jfree.data.category.junit.DefaultIntervalCategoryDatasetTests.testGetRowIndex,1,true
org.jfree.data.category.junit.DefaultIntervalCategoryDatasetTests.testGetColumnIndex,1,true
org.jfree.chart.annotations.junit.CategoryTextAnnotationTests.testHashcode,1,true
org.jfree.chart.plot.junit.CategoryMarkerTests.testGetSetKey,1,true
org.jfree.data.category.junit.DefaultIntervalCategoryDatasetTests.testSetStartValue,0,true
org.jfree.data.category.junit.DefaultIntervalCategoryDatasetTests.testGetCategoryIndex,0,true
org.jfree.chart.axis.junit.SegmentedTimelineTests2.test6,1,true
org.jfree.data.category.junit.DefaultIntervalCategoryDatasetTests.testSetSeriesKeys,1,true
org.jfree.chart.util.junit.ShapeListTests.testEquals,0,true
org.jfree.data.time.junit.TimePeriodValuesTests.testAdd,1,true
org.jfree.chart.plot.junit.MarkerTests.testGetSetLabelOffsetType,0,true
org.jfree.data.time.junit.TimePeriodValuesTests.testSerialization,3,true
org.jfree.chart.annotations.junit.XYPointerAnnotationTests.testEquals,1,true
org.jfree.chart.urls.junit.StandardPieURLGeneratorTests.testURL,1,true
org.jfree.chart.util.junit.SerialUtilitiesTests.testAttributedStringSerialization1,0,true
org.jfree.chart.util.junit.SerialUtilitiesTests.testAttributedStringSerialization2,1,true
org.jfree.chart.util.junit.SerialUtilitiesTests.testAttributedStringSerialization3,1,true
org.jfree.chart.plot.junit.CategoryMarkerTests.testGetSetDrawAsLine,1,true
org.jfree.data.time.junit.HourTests.testFirstHourNext,0,true
org.jfree.data.gantt.junit.TaskSeriesCollectionTests.testGetSeriesCount,1,true
org.jfree.data.gantt.junit.TaskSeriesCollectionTests.testGetColumnKey,1,true
org.jfree.data.category.junit.DefaultIntervalCategoryDatasetTests.testGetSeriesIndex,0,true
org.jfree.data.category.junit.DefaultIntervalCategoryDatasetTests.testGetCategoryCount,1,true
org.jfree.data.category.junit.DefaultIntervalCategoryDatasetTests.testGetRowCount,1,true
org.jfree.data.category.junit.DefaultIntervalCategoryDatasetTests.testGetColumnCount,0,true
org.jfree.data.category.junit.DefaultIntervalCategoryDatasetTests.testGetRowAndColumnCount,1,true
org.jfree.data.time.junit.HourTests.testFirstHourPrevious,0,true
org.jfree.data.time.junit.HourTests.testLastHourNext,0,true
org.jfree.data.gantt.junit.TaskSeriesCollectionTests.testGetSeriesKey,0,true
org.jfree.chart.entity.junit.CategoryLabelEntityTests.testSerialization,1,true
org.jfree.chart.annotations.junit.XYTextAnnotationTests.testEquals,1,true
org.jfree.data.xy.junit.VectorSeriesTests.testEquals,0,true
org.jfree.data.category.junit.DefaultCategoryDatasetTests.testPublicCloneable,1,true
org.jfree.data.category.junit.DefaultCategoryDatasetTests.testGetValue2,0,true
org.jfree.chart.entity.junit.LegendItemEntityTests.testSerialization,1,true
org.jfree.chart.plot.junit.IntervalMarkerTests.testGetSetStartValue,0,true
org.jfree.chart.plot.junit.MarkerTests.testGetSetStroke,0,true
org.jfree.data.time.junit.HourTests.testEqualsSelf,1,true
org.jfree.data.time.junit.HourTests.testDateConstructor1,1,true
org.jfree.data.time.junit.HourTests.testDateConstructor2,1,true
org.jfree.data.time.junit.HourTests.testLastHourPrevious,1,true
org.jfree.data.gantt.junit.TaskSeriesCollectionTests.testSerialization,2,false
org.jfree.data.category.junit.DefaultIntervalCategoryDatasetTests.testSetEndValue,1,true
org.jfree.chart.plot.junit.MarkerTests.testGetSetOutlineStroke,1,true
org.jfree.data.xy.junit.XYIntervalSeriesTests.testCloning,1,true
org.jfree.data.xy.junit.XYIntervalSeriesTests.testSerialization,2,true
org.jfree.data.xy.junit.XYIntervalSeriesTests.testEquals,0,true
org.jfree.data.statistics.junit.DefaultBoxAndWhiskerXYDatasetTests.testAdd,0,true
org.jfree.data.time.junit.HourTests.testGetFirstMillisecond,1,true
org.jfree.data.time.junit.HourTests.testNotCloneable,1,true
org.jfree.data.xy.junit.VectorSeriesTests.testCloning,1,true
org.jfree.data.xy.junit.VectorSeriesTests.testSerialization,2,true
org.jfree.data.time.junit.TimeSeriesTests.testClear,1,true
org.jfree.data.time.junit.HourTests.testSerialization,2,true
org.jfree.data.time.junit.HourTests.testEquals,1,true
org.jfree.data.category.junit.DefaultIntervalCategoryDatasetTests.testGetRowKeys,0,true
org.jfree.chart.junit.LegendItemTests.testEquals,1,true
org.jfree.chart.util.junit.SerialUtilitiesTests.testRectangle2DFloatSerialization,0,true
org.jfree.chart.util.junit.SerialUtilitiesTests.testRectangle2DDoubleSerialization,0,true
org.jfree.chart.util.junit.ShapeListTests.testCloning,1,true
org.jfree.chart.plot.junit.IntervalMarkerTests.testGetSetEndValue,0,true
org.jfree.chart.plot.junit.MarkerTests.testGetSetLabelPaint,0,true
org.jfree.data.xy.junit.XIntervalSeriesCollectionTests.testCloning,2,true
org.jfree.data.xy.junit.XIntervalSeriesCollectionTests.testSerialization,6,true
org.jfree.data.xy.junit.XIntervalSeriesCollectionTests.testEquals,1,true
org.jfree.data.category.junit.DefaultIntervalCategoryDatasetTests.testGetColumnKeys,0,true
org.jfree.chart.axis.junit.SegmentedTimelineTests.testMs2Translations,3231,true
org.jfree.chart.axis.junit.SegmentedTimelineTests.testFifteenMinTranslations,2137,true
org.jfree.data.time.junit.TimeSeriesDataItemTests.testSerialization,1,true
org.jfree.data.time.junit.TimeSeriesDataItemTests.testEquals,0,true
org.jfree.data.time.junit.SecondTests.testDateConstructor1,0,true
org.jfree.data.time.junit.SecondTests.testDateConstructor2,1,true
org.jfree.chart.plot.junit.MarkerTests.testGetSetLabelFont,0,true
org.jfree.chart.plot.junit.MarkerTests.testGetSetLabel,0,true
org.jfree.data.xy.junit.XYSeriesTests.testSetMaximumItemCount,1,true
org.jfree.data.xy.junit.XYSeriesTests.testAdd,1,true
org.jfree.data.time.junit.SecondTests.testEqualsSelf,1,true
org.jfree.chart.entity.junit.TickLabelEntityTests.testSerialization,2,true
org.jfree.data.xy.junit.XYSeriesTests.testSetMaximumItemCount4,1,true
org.jfree.data.statistics.junit.DefaultBoxAndWhiskerXYDatasetTests.testCloning,1,true
org.jfree.data.statistics.junit.DefaultBoxAndWhiskerXYDatasetTests.testSerialization,3,true
org.jfree.data.statistics.junit.DefaultBoxAndWhiskerXYDatasetTests.testEquals,1,true
org.jfree.chart.plot.junit.MarkerTests.testGetSetLabelOffset,0,true
org.jfree.data.time.junit.SecondTests.testSerialization,1,true
org.jfree.data.category.junit.DefaultIntervalCategoryDatasetTests.testCloning,1,true
org.jfree.data.category.junit.DefaultIntervalCategoryDatasetTests.testSerialization,2,true
org.jfree.chart.util.junit.SerialUtilitiesTests.testArc2DDoubleSerialization,1,true
org.jfree.chart.plot.junit.MarkerTests.testGetSetAlpha,0,true
org.jfree.data.gantt.junit.TaskSeriesCollectionTests.testGetValue,2,true
org.jfree.chart.title.junit.ImageTitleTests.testWidthAndHeight,0,true
org.jfree.data.xy.junit.YIntervalSeriesCollectionTests.testRemoveSeries,1,true
org.jfree.chart.annotations.junit.TextAnnotationTests.testHashCode,0,true
org.jfree.chart.plot.junit.MarkerTests.testGetSetPaint,0,true
org.jfree.chart.plot.junit.ValueMarkerTests.testGetSetValue,0,true
org.jfree.chart.plot.junit.MarkerTests.testGetSetOutlinePaint,1,true
org.jfree.chart.axis.junit.CategoryTickTests.testSerialization,1,true
org.jfree.data.category.junit.DefaultIntervalCategoryDatasetTests.testCloning2,1,true
org.jfree.data.category.junit.DefaultIntervalCategoryDatasetTests.testEquals,0,true
org.jfree.data.category.junit.DefaultIntervalCategoryDatasetTests.testGetSeriesCount,0,true
org.jfree.data.xy.junit.XYIntervalSeriesTests.testValues,1,true
org.jfree.data.xy.junit.XIntervalSeriesTests.testCloning,2,true
org.jfree.data.xy.junit.XIntervalSeriesTests.testSerialization,3,true
org.jfree.data.xy.junit.XIntervalSeriesTests.testEquals,1,true
org.jfree.data.time.junit.HourTests.testHashcode,1,true
org.jfree.data.time.ohlc.junit.OHLCSeriesCollectionTests.testRemoveSeries,1,true
org.jfree.data.xy.junit.VectorSeriesTests.testSetMaximumItemCount2,0,true
org.jfree.data.xy.junit.VectorSeriesTests.testSetMaximumItemCount,1,true
org.jfree.data.xy.junit.VectorSeriesTests.testAdd,0,true
org.jfree.data.xy.junit.VectorSeriesTests.testIndexOf,1,true
org.jfree.data.xy.junit.VectorSeriesTests.testIndexOf2,1,true
org.jfree.data.xy.junit.VectorSeriesTests.testRemove,0,true
org.jfree.chart.util.junit.SerialUtilitiesTests.testTexturePaintSerialization,1,true
org.jfree.data.junit.DefaultKeyedValues2DTests.testGetRowKey,2,true
org.jfree.data.time.junit.TimePeriodValuesTests.testAddValue,1,true
org.jfree.data.time.junit.MinuteTests.testNext,2,true
org.jfree.data.time.junit.MinuteTests.testGetLastMillisecond,0,true
org.jfree.data.xy.junit.YIntervalSeriesCollectionTests.test1170825,1,true
org.jfree.chart.plot.junit.ValueMarkerTests.testCloning,0,true
org.jfree.data.junit.DefaultKeyedValues2DTests.testRemoveColumnByKey,1,true
org.jfree.chart.renderer.junit.RendererUtilitiesTests.testFindLiveItemsUpperBound_Descending,1,true
org.jfree.data.xy.junit.XYIntervalSeriesTests.testSetMaximumItemCount2,1,true
org.jfree.data.xy.junit.XYIntervalSeriesTests.testSetMaximumItemCount,1,true
org.jfree.data.xy.junit.XYIntervalSeriesTests.testAdd,1,true
org.jfree.data.xy.junit.XYIntervalSeriesTests.testIndexOf,0,true
org.jfree.data.xy.junit.XYIntervalSeriesTests.testIndexOf2,0,true
org.jfree.data.xy.junit.XYIntervalSeriesTests.testRemove,1,true
org.jfree.chart.junit.LegendItemCollectionTests.testEquals,0,true
org.jfree.data.junit.DefaultKeyedValues2DTests.testGetValue2,2,true
org.jfree.data.xy.junit.XYSeriesTests.testIndexOf3,1,true
org.jfree.data.xy.junit.TableXYDatasetTests.testPublicCloneable,1,true
org.jfree.chart.axis.junit.CategoryLabelPositionsTests.testSerialization,0,true
org.jfree.data.junit.KeyedObjects2DTests.testGetValueByKey,1,true
org.jfree.data.xy.junit.DefaultTableXYDatasetTests.testPublicCloneable,1,true
org.jfree.data.xy.junit.XYIntervalSeriesTests.testAdditionOfDuplicateXValues,1,true
org.jfree.data.xy.junit.XYIntervalSeriesTests.testClear,1,true
org.jfree.data.time.junit.MillisecondTests.testDateConstructor1,0,true
org.jfree.data.time.junit.MillisecondTests.testDateConstructor2,0,true
org.jfree.data.xy.junit.XYSeriesTests.testAddOrUpdate3,1,true
org.jfree.data.xy.junit.VectorSeriesTests.testAdditionOfDuplicateXValues,0,true
org.jfree.data.xy.junit.VectorSeriesTests.testClear,1,true
org.jfree.data.time.ohlc.junit.OHLCSeriesCollectionTests.test1170825,1,true
org.jfree.chart.axis.junit.SegmentedTimelineTests.testBasicSegmentedTimeline,0,true
org.jfree.chart.axis.junit.SegmentedTimelineTests.testSegmentedTimelineWithException1,0,true
org.jfree.chart.axis.junit.SegmentedTimelineTests.testMsSegment,1,true
org.jfree.chart.axis.junit.SegmentedTimelineTests.testMs2Segment,1,true
org.jfree.chart.axis.junit.SegmentedTimelineTests.testMondayThroughFridaySegment,50,true
org.jfree.chart.axis.junit.SegmentedTimelineTests.testFifteenMinSegment,4,true
org.jfree.chart.axis.junit.SegmentedTimelineTests.testMsInc,92,true
org.jfree.chart.axis.junit.SegmentedTimelineTests.testMs2Inc,38,true
org.jfree.chart.axis.junit.SegmentedTimelineTests.testMondayThroughFridayInc,49,true
org.jfree.chart.axis.junit.SegmentedTimelineTests.testFifteenMinInc,49,true
org.jfree.chart.axis.junit.SegmentedTimelineTests.testMondayThroughFridayIncludedAndExcludedSegments,0,true
org.jfree.chart.axis.junit.SegmentedTimelineTests.testFifteenMinIncludedAndExcludedSegments,0,true
org.jfree.data.junit.KeyedObjects2DTests.testRemoveColumnByKey,1,true
org.jfree.data.time.junit.MillisecondTests.testEqualsSelf,0,true
org.jfree.data.time.junit.MillisecondTests.test943985,1,true
org.jfree.data.time.junit.TimeSeriesDataItemTests.testEqualsSelf,0,true
org.jfree.data.junit.KeyedObjects2DTests.testRemoveRowByIndex,1,true
org.jfree.data.statistics.junit.DefaultBoxAndWhiskerXYDatasetTests.testGetRangeBounds,1,true
org.jfree.data.time.junit.MillisecondTests.testSerialization,2,true
org.jfree.data.junit.DataUtilitiesTests.testCalculateRowTotal2,2,true
org.jfree.data.junit.KeyedObjects2DTests.testRemoveColumnByIndex,2,true
org.jfree.data.junit.KeyedObjects2DTests.testGetValueByIndex,1,true
org.jfree.data.xy.junit.XYSeriesTests.testEquals,2,true
org.jfree.chart.plot.junit.ValueMarkerTests.test1808376,1,true
org.jfree.chart.junit.LegendItemTests.testCloning,0,true
org.jfree.data.xy.junit.XIntervalSeriesTests.testGetXLowValue,1,true
org.jfree.chart.axis.junit.CategoryLabelPositionsTests.testHashCode,1,true
org.jfree.data.xy.junit.XYSeriesTests.testUpdate2,1,true
org.jfree.data.xy.junit.XYIntervalSeriesCollectionTests.testRemoveSeries,1,true
org.jfree.data.xy.junit.VectorSeriesCollectionTests.testRemoveSeries,2,true
org.jfree.data.xy.junit.XIntervalSeriesTests.testGetXHighValue,0,true
org.jfree.data.xy.junit.XIntervalSeriesTests.testAdd,1,true
org.jfree.data.xy.junit.XIntervalSeriesTests.testIndexOf,1,true
org.jfree.data.xy.junit.XIntervalSeriesTests.testIndexOf2,1,true
org.jfree.data.xy.junit.XIntervalSeriesTests.testRemove,0,true
org.jfree.data.time.junit.TimeSeriesTests.testAddValue,1,true
org.jfree.data.junit.DefaultKeyedValues2DTests.testGetColumnKey,2,true
org.jfree.data.junit.DefaultKeyedValues2DTests.testColumnCount,2,true
org.jfree.data.junit.DefaultKeyedValues2DTests.testRowCount,2,true
org.jfree.data.xy.junit.IntervalXYDelegateTests.testEquals,0,true
org.jfree.data.time.junit.MinuteTests.testGetSerialIndex,1,true
org.jfree.data.junit.DefaultKeyedValues2DTests.testRemoveValueBug1690654,1,true
org.jfree.data.junit.DefaultKeyedValues2DTests.testSparsePopulation,2,true
org.jfree.data.xy.junit.XYSeriesTests.testCloning2,1,true
org.jfree.data.xy.junit.XIntervalSeriesTests.testSetMaximumItemCount2,1,true
org.jfree.data.xy.junit.XIntervalSeriesTests.testSetMaximumItemCount,1,true
org.jfree.data.general.junit.DefaultKeyedValuesDatasetTests.testCloning,1,true
org.jfree.data.general.junit.DefaultKeyedValuesDatasetTests.testSerialization,2,true
org.jfree.data.xy.junit.XIntervalSeriesTests.testAdditionOfDuplicateXValues,1,true
org.jfree.data.xy.junit.XIntervalSeriesTests.testClear,1,true
org.jfree.data.time.junit.MinuteTests.test1611872,1,true
org.jfree.chart.renderer.junit.RendererUtilitiesTests.testFindLiveItemsUpperBound_Ascending,1,true
org.jfree.chart.axis.junit.CategoryLabelPositionsTests.testEquals,0,true
org.jfree.data.xy.junit.YIntervalSeriesTests.testEquals,2,true
org.jfree.data.junit.DefaultKeyedValues2DTests.testCloning,3,true
org.jfree.data.time.junit.TimePeriodValuesCollectionTests.testEquals,2,true
org.jfree.chart.annotations.junit.CategoryTextAnnotationTests.testEquals,0,true
org.jfree.data.junit.DefaultKeyedValues2DTests.testEquals,2,true
org.jfree.chart.annotations.junit.TextAnnotationTests.testEquals,3,true
org.jfree.data.junit.DefaultKeyedValues2DTests.testRemoveValue,1,true
org.jfree.data.junit.DefaultKeyedValues2DTests.testSerialization,7,true
org.jfree.data.xy.junit.IntervalXYDelegateTests.testSerialization,7,false
org.jfree.data.xy.junit.XYIntervalSeriesCollectionTests.test1170825,1,true
org.jfree.data.time.junit.TimeSeriesTests.testGetValue,4,true
org.jfree.chart.annotations.junit.CategoryPointerAnnotationTests.testPublicCloneable,1,true
org.jfree.data.xy.junit.XYSeriesCollectionTests.testPublicCloneable,0,true
org.jfree.data.statistics.junit.HistogramDatasetTests.testSerialization,4,true
org.jfree.data.gantt.junit.TaskSeriesCollectionTests.testRemove,1,true
org.jfree.chart.junit.LegendItemCollectionTests.testCloning,1,true
org.jfree.data.junit.KeyedObjects2DTests.testSetObject,1,true
org.jfree.data.xy.junit.XYSeriesTests.testSetMaximumItemCount2,1,true
org.jfree.data.time.junit.MinuteTests.testGetEnd,1,true
org.jfree.chart.renderer.junit.RendererUtilitiesTests.testFindLiveItemsLowerBound_Unordered,1,true
org.jfree.data.xy.junit.YIntervalSeriesTests.testCloning,1,true
org.jfree.data.xy.junit.YIntervalSeriesTests.testSerialization,6,true
org.jfree.data.time.junit.MinuteTests.testGetStart,2,true
org.jfree.data.xy.junit.YIntervalSeriesTests.testIndexOf,1,true
org.jfree.data.xy.junit.YIntervalSeriesTests.testIndexOf2,1,true
org.jfree.data.xy.junit.YIntervalSeriesTests.testRemove,2,true
org.jfree.data.statistics.junit.BoxAndWhiskerCalculatorTests.test1593149,1,true
org.jfree.data.time.junit.MinuteTests.testGetFirstMillisecondWithCalendar,2,true
org.jfree.data.time.junit.MinuteTests.testGetLastMillisecondWithTimeZone,1,true
org.jfree.data.time.junit.MinuteTests.testGetLastMillisecondWithCalendar,1,true
org.jfree.chart.renderer.junit.RendererUtilitiesTests.testFindLiveItemsUpperBound_Unordered,1,true
org.jfree.data.xy.junit.YIntervalSeriesTests.testSetMaximumItemCount,1,true
org.jfree.data.xy.junit.YIntervalSeriesTests.testAdd,1,true
org.jfree.data.statistics.junit.BoxAndWhiskerCalculatorTests.testCalculateBoxAndWhiskerStatistics,1,true
org.jfree.data.time.junit.MinuteTests.testGetFirstMillisecondWithTimeZone,1,true
org.jfree.data.category.junit.DefaultIntervalCategoryDatasetTests.testGetValue,1,true
org.jfree.data.xy.junit.YIntervalSeriesTests.testSetMaximumItemCount2,1,true
org.jfree.data.gantt.junit.TaskSeriesCollectionTests.testGetSeries,1,true
org.jfree.data.time.junit.MinuteTests.testGetFirstMillisecond,2,true
org.jfree.data.time.junit.MinuteTests.testNotCloneable,1,true
org.jfree.data.time.junit.MonthTests.testNext,0,true
org.jfree.chart.annotations.junit.CategoryPointerAnnotationTests.testCloning,2,true
org.jfree.data.junit.DataUtilitiesTests.testCalculateColumnTotal,2,true
org.jfree.data.general.junit.DefaultPieDatasetTests.testClear,1,true
org.jfree.data.time.junit.MinuteTests.testEquals,1,true
org.jfree.chart.annotations.junit.XYTextAnnotationTests.testCloning,0,true
org.jfree.data.xy.junit.DefaultWindDatasetTests.testSerialization,9,true
org.jfree.chart.renderer.junit.RendererUtilitiesTests.testFindLiveItemsLowerBound_Descending,1,true
org.jfree.data.junit.KeyedObjects2DTests.testRemoveRowByKey,1,true
org.jfree.data.xy.junit.DefaultWindDatasetTests.testGetSeriesKey,2,true
org.jfree.data.xy.junit.DefaultWindDatasetTests.testIndexOf,2,true
org.jfree.data.xy.junit.IntervalXYDelegateTests.testCloning,6,true
org.jfree.data.statistics.junit.HistogramDatasetTests.testCloning,2,true
org.jfree.chart.junit.ChartPanelTests.testConstructor1,68,true
org.jfree.chart.annotations.junit.CategoryTextAnnotationTests.testCloning,1,true
org.jfree.data.xy.junit.DefaultWindDatasetTests.testEquals,4,true
org.jfree.data.time.junit.TimePeriodValuesCollectionTests.testGetSeries,1,true
org.jfree.data.general.junit.DefaultPieDatasetTests.testCloning,0,true
org.jfree.data.general.junit.DefaultPieDatasetTests.testSerialization,5,true
org.jfree.data.statistics.junit.HistogramDatasetTests.test1553088,0,true
org.jfree.data.statistics.junit.HistogramDatasetTests.testBins,1,true
org.jfree.data.statistics.junit.HistogramDatasetTests.testBinBoundaries,1,true
org.jfree.data.statistics.junit.DefaultBoxAndWhiskerCategoryDatasetTests.testConstructor,0,true
org.jfree.data.xy.junit.YIntervalSeriesTests.testClear,1,true
org.jfree.data.statistics.junit.HistogramDatasetTests.testGetSeriesKey,0,true
org.jfree.data.statistics.junit.HistogramDatasetTests.testAddSeries2,0,true
org.jfree.chart.block.junit.LineBorderTests.testEquals,0,true
org.jfree.data.xy.junit.XYSeriesTests.testUpdateByIndex,1,true
org.jfree.data.statistics.junit.HistogramDatasetTests.testEquals,0,true
org.jfree.chart.annotations.junit.XYPointerAnnotationTests.testPublicCloneable,0,true
org.jfree.data.junit.DataUtilitiesTests.testCalculateColumnTotal2,3,true
org.jfree.data.statistics.junit.HistogramDatasetTests.testAddSeries,1,true
org.jfree.chart.axis.junit.SegmentedTimelineTests.testMsTranslations,87,true
org.jfree.chart.axis.junit.SegmentedTimelineTests.testMs2BaseTimelineTranslations,73,true
org.jfree.data.general.junit.DatasetUtilitiesTests.testCreateCategoryDataset2,1,true
org.jfree.data.junit.KeyedObjects2DTests.testRemoveValue,2,true
org.jfree.data.junit.KeyedObjects2DTests.testSerialization,5,true
org.jfree.data.junit.KeyedObjects2DTests.testEquals,1,true
org.jfree.data.general.junit.DefaultPieDatasetTests.testGetKey,2,true
org.jfree.data.xy.junit.DefaultWindDatasetTests.testCloning,12,true
org.jfree.chart.axis.junit.SegmentedTimelineTests.testMsSegmentedTimeline,0,true
org.jfree.chart.axis.junit.CategoryLabelPositionTests.testSerialization,0,true
org.jfree.chart.annotations.junit.XYPointerAnnotationTests.testCloning,2,true
org.jfree.chart.urls.junit.TimeSeriesURLGeneratorTests.testGenerateURL,1,true
org.jfree.data.xy.junit.YIntervalSeriesTests.testAdditionOfDuplicateXValues,2,true
org.jfree.data.xy.junit.MatrixSeriesCollectionTests.testEquals,1,true
org.jfree.chart.renderer.junit.RendererUtilitiesTests.testFindLiveItemsLowerBound_Ascending,1,true
org.jfree.data.xy.junit.MatrixSeriesCollectionTests.testCloning,2,true
org.jfree.chart.labels.junit.StandardPieSectionLabelGeneratorTests.testEquals,1,true
org.jfree.chart.labels.junit.StandardPieSectionLabelGeneratorTests.testHashCode,1,true
org.jfree.data.time.junit.MinuteTests.testDateConstructor1,1,true
org.jfree.data.time.junit.MinuteTests.testDateConstructor2,1,true
org.jfree.chart.axis.junit.CategoryLabelPositionTests.testHashCode,1,true
org.jfree.data.xy.junit.XYSeriesTests.testCloning,1,true
org.jfree.data.xy.junit.XYSeriesTests.testSerialization,2,true
org.jfree.data.statistics.junit.SimpleHistogramDatasetTests.testRemoveAllBins,1,true
org.jfree.data.time.junit.MinuteTests.testEqualsSelf,0,true
org.jfree.chart.util.junit.SerialUtilitiesTests.testIsSerializable,1,true
org.jfree.chart.util.junit.SerialUtilitiesTests.testGradientPaintSerialization,2,true
org.jfree.chart.util.junit.SerialUtilitiesTests.testColorSerialization,1,true
org.jfree.chart.util.junit.SerialUtilitiesTests.testColorUIResourceSerialization,2,true
org.jfree.chart.plot.dial.junit.StandardDialScaleTests.testEquals,1,true
org.jfree.data.general.junit.DefaultPieDatasetTests.testGetIndex,1,true
org.jfree.chart.plot.dial.junit.StandardDialScaleTests.testHashCode,0,true
org.jfree.data.time.junit.MinuteTests.testSerialization,2,true
org.jfree.data.time.junit.TimePeriodValueTests.testEqualsSelf,0,true
org.jfree.data.time.junit.TimePeriodValueTests.testSerialization,2,true
org.jfree.data.time.junit.TimePeriodValueTests.testEquals,0,true
org.jfree.data.time.junit.MonthTests.testParseMonth,2,true
org.jfree.chart.annotations.junit.XYImageAnnotationTests.testHashCode,0,true
org.jfree.data.statistics.junit.BoxAndWhiskerCalculatorTests.testCalculateQ1,0,true
org.jfree.chart.annotations.junit.XYImageAnnotationTests.testEquals,0,true
org.jfree.chart.axis.junit.CategoryLabelPositionTests.testEquals,0,true
org.jfree.chart.annotations.junit.XYImageAnnotationTests.testCloning,1,true
org.jfree.chart.plot.dial.junit.DialTextAnnotationTests.testHashCode,1,true
org.jfree.data.gantt.junit.TaskSeriesTests.testGetTask,1,true
org.jfree.data.junit.DefaultKeyedValuesTests.testSortByValueDescending,3,true
org.jfree.data.xy.junit.XYSeriesCollectionTests.testConstructor,1,true
org.jfree.data.xy.junit.DefaultOHLCDatasetTests.testDataRange,10,true
org.jfree.data.xy.junit.XIntervalSeriesCollectionTests.testRemoveSeries,1,true
org.jfree.data.time.junit.MinuteTests.testHashcode,3,true
org.jfree.data.statistics.junit.SimpleHistogramDatasetTests.testCloning,1,true
org.jfree.data.xy.junit.XYSeriesTests.testClear,2,true
org.jfree.data.junit.DefaultKeyedValuesTests.testSortByValueAscending,3,true
org.jfree.data.statistics.junit.SimpleHistogramDatasetTests.testClearObservations,1,true
org.jfree.data.junit.DefaultKeyedValues2DTests.testGetValue,1,true
org.jfree.data.junit.KeyedObjectTests.testCloning2,1,true
org.jfree.data.gantt.junit.TaskSeriesTests.testEquals,1,true
org.jfree.data.general.junit.DefaultHeatMapDatasetTests.testEquals,1,true
org.jfree.data.gantt.junit.TaskSeriesTests.testCloning,2,true
org.jfree.data.gantt.junit.TaskSeriesTests.testSerialization,2,true
org.jfree.chart.labels.junit.StandardXYZToolTipGeneratorTests.testHashCode,2,true
org.jfree.data.junit.DataUtilitiesTests.testCalculateRowTotal,4,true
org.jfree.data.xy.junit.MatrixSeriesCollectionTests.testSerialization,6,false
org.jfree.data.time.junit.DayTests.testNext,1,true
org.jfree.data.time.junit.DayTests.testGetLastMillisecond,1,true
org.jfree.data.xy.junit.XIntervalSeriesCollectionTests.test1170825,3,true
org.jfree.data.time.junit.DayTests.testDateConstructor1,1,true
org.jfree.data.time.junit.DayTests.testDateConstructor2,1,true
org.jfree.data.time.junit.DayTests.testGetFirstMillisecondWithTimeZone,1,true
org.jfree.data.time.junit.DayTests.testGetFirstMillisecondWithCalendar,1,true
org.jfree.data.time.junit.DayTests.testGetLastMillisecondWithTimeZone,1,true
org.jfree.data.time.junit.DayTests.testGetLastMillisecondWithCalendar,1,true
org.jfree.data.time.junit.DayTests.testGetStart,1,true
org.jfree.data.time.junit.DayTests.testGetEnd,1,true
org.jfree.data.time.junit.DayTests.testGetSerialIndex,1,true
org.jfree.chart.plot.junit.MeterIntervalTests.testEquals,1,true
org.jfree.data.time.junit.DayTests.testEqualsSelf,1,true
org.jfree.chart.annotations.junit.CategoryLineAnnotationTests.testEquals,1,true
org.jfree.chart.annotations.junit.XYShapeAnnotationTests.testHashCode,1,true
org.jfree.data.junit.KeyedObjects2DTests.testCloning,4,true
org.jfree.data.general.junit.DefaultHeatMapDatasetTests.testCloning,1,true
org.jfree.data.general.junit.DefaultHeatMapDatasetTests.testSerialization,2,true
org.jfree.data.statistics.junit.SimpleHistogramDatasetTests.testEquals,1,true
org.jfree.data.time.junit.DayTests.test1Jan1900Previous,1,true
org.jfree.data.time.junit.DayTests.testGetFirstMillisecond,1,true
org.jfree.data.time.junit.DayTests.testNotCloneable,1,true
org.jfree.chart.util.junit.ShapeUtilitiesTests.testEqualShapes,0,true
org.jfree.chart.plot.dial.junit.DialBackgroundTests.testHashCode,0,true
org.jfree.data.time.junit.DayTests.test31Dec9999Previous,1,true
org.jfree.chart.labels.junit.StandardPieSectionLabelGeneratorTests.testPublicCloneable,0,true
org.jfree.chart.plot.dial.junit.ArcDialFrameTests.testHashCode,0,true
org.jfree.chart.axis.junit.DateTickTests.testEquals,1,true
org.jfree.chart.annotations.junit.XYTextAnnotationTests.testPublicCloneable,0,true
org.jfree.data.time.junit.MonthTests.testGetLastMillisecond,0,true
org.jfree.data.time.junit.MonthTests.testGetSerialIndex,1,true
org.jfree.data.time.junit.MonthTests.testDec9999Previous,1,true
org.jfree.data.time.junit.MonthTests.testDec9999Next,0,true
org.jfree.chart.plot.dial.junit.DialTextAnnotationTests.testEquals,0,true
org.jfree.chart.axis.junit.SegmentedTimelineTests.testMondayThoughFridayExceptionSegments,3,true
org.jfree.chart.axis.junit.SegmentedTimelineTests.testFifteenMinExceptionSegments,3,true
org.jfree.chart.axis.junit.DateTickTests.testSerialization,2,true
org.jfree.chart.util.junit.PaintListTests.testHashCode,0,true
org.jfree.data.time.junit.MonthTests.testJan1900Previous,0,true
org.jfree.data.time.ohlc.junit.OHLCItemTests.testEquals,0,true
org.jfree.chart.axis.junit.SegmentedTimelineTests.testMsExceptionSegments,2,true
org.jfree.chart.axis.junit.SegmentedTimelineTests.testMs2BaseTimelineExceptionSegments,2,true
org.jfree.chart.axis.junit.CategoryTickTests.testCloning,0,true
org.jfree.data.time.junit.DayTests.testParseDay,1,true
org.jfree.data.time.junit.DayTests.test31Dec9999Next,0,true
org.jfree.data.time.junit.TimePeriodValuesCollectionTests.testSerialization,2,true
org.jfree.data.time.junit.MonthTests.testGetEnd,1,true
org.jfree.data.time.ohlc.junit.OHLCItemTests.testCloning,1,true
org.jfree.data.time.ohlc.junit.OHLCItemTests.testSerialization,0,true
org.jfree.chart.plot.junit.PlotRenderingInfoTests.testEquals,0,true
org.jfree.data.junit.ComparableObjectSeriesTests.testHashCode,2,true
org.jfree.data.time.junit.DayTests.test1Jan1900Next,0,true
org.jfree.data.time.junit.MonthTests.testEqualsSelf,1,true
org.jfree.data.time.junit.MonthTests.testDateConstructor1,1,true
org.jfree.data.time.junit.MonthTests.testDateConstructor2,1,true
org.jfree.data.time.junit.MonthTests.testGetFirstMillisecondWithTimeZone,1,true
org.jfree.data.time.junit.MonthTests.testGetFirstMillisecondWithCalendar,1,true
org.jfree.data.time.junit.MonthTests.testGetLastMillisecondWithTimeZone,1,true
org.jfree.data.time.junit.MonthTests.testGetLastMillisecondWithCalendar,1,true
org.jfree.data.time.junit.MonthTests.testGetStart,1,true
org.jfree.chart.labels.junit.StandardPieSectionLabelGeneratorTests.testCloning,0,true
org.jfree.chart.labels.junit.StandardPieSectionLabelGeneratorTests.testSerialization,2,true
org.jfree.chart.labels.junit.BubbleXYItemLabelGeneratorTests.testHashCode,1,true
org.jfree.chart.labels.junit.StandardXYToolTipGeneratorTests.testHashCode,1,true
org.jfree.data.time.junit.DayTests.testHashcode,1,true
org.jfree.data.time.junit.DayTests.testSerialization,1,true
org.jfree.data.time.junit.DayTests.testEquals,0,true
org.jfree.data.time.ohlc.junit.OHLCItemTests.testConstructor1,1,true
org.jfree.chart.axis.junit.PeriodAxisLabelInfoTests.testHashCode,1,true
org.jfree.chart.axis.junit.DateTickUnitTests.testHashCode,0,true
org.jfree.data.junit.DefaultKeyedValuesTests.testSortByKeyDescending,3,true
org.jfree.chart.annotations.junit.XYPolygonAnnotationTests.testHashCode,1,true
org.jfree.chart.plot.junit.PlotRenderingInfoTests.testCloning,1,true
org.jfree.chart.block.junit.LineBorderTests.testCloning,0,true
org.jfree.chart.renderer.category.junit.GradientBarPainterTests.testHashcode,0,true
org.jfree.data.xy.junit.XYSeriesTests.testAdditionOfDuplicateXValues,2,true
org.jfree.data.time.junit.QuarterTests.testNext,1,true
org.jfree.data.junit.DefaultKeyedValuesTests.testSortByKeyAscending,4,true
org.jfree.data.xy.junit.DefaultIntervalXYDatasetTests.testGetEndYValue,2,true
org.jfree.chart.annotations.junit.CategoryLineAnnotationTests.testHashcode,2,true
org.jfree.chart.plot.dial.junit.ArcDialFrameTests.testEquals,0,true
org.jfree.chart.axis.junit.PeriodAxisLabelInfoTests.testEquals,1,true
org.jfree.chart.junit.ChartRenderingInfoTests.testEquals,0,true
org.jfree.chart.labels.junit.StandardCategoryToolTipGeneratorTests.testHashCode,1,true
org.jfree.data.xy.junit.DefaultIntervalXYDatasetTests.testGetStartXValue,1,true
org.jfree.data.xy.junit.DefaultIntervalXYDatasetTests.testGetYValue,2,true
org.jfree.data.xy.junit.DefaultIntervalXYDatasetTests.testIndexOf,1,true
org.jfree.chart.annotations.junit.CategoryTextAnnotationTests.testPublicCloneable,0,true
org.jfree.chart.axis.junit.DateTickUnitTests.testSerialization,3,true
org.jfree.chart.axis.junit.DateTickUnitTests.testEquals,0,true
org.jfree.chart.util.junit.PaintListTests.testEquals3,0,true
org.jfree.chart.util.junit.PaintListTests.testEquals2,0,true
org.jfree.chart.labels.junit.StandardXYZToolTipGeneratorTests.testEquals,1,true
org.jfree.chart.block.junit.BlockBorderTests.testEquals,1,true
org.jfree.data.xy.junit.DefaultIntervalXYDatasetTests.testGetXValue,1,true
org.jfree.chart.labels.junit.ItemLabelPositionTests.testSerialization,1,true
org.jfree.chart.labels.junit.ItemLabelPositionTests.testEquals,0,true
org.jfree.data.xy.junit.DefaultIntervalXYDatasetTests.testGetEndXValue,2,true
org.jfree.data.time.junit.QuarterTests.testParseQuarter,2,true
org.jfree.data.junit.KeyedObjectsTests.testSortByValueDescending,1,true
org.jfree.data.junit.KeyedObjectsTests.testCloning2,4,true
org.jfree.chart.util.junit.StrokeListTests.testEquals,0,true
org.jfree.chart.needle.junit.ArrowNeedleTests.testEquals,0,true
org.jfree.chart.axis.junit.PeriodAxisLabelInfoTests.testCloning,0,true
org.jfree.data.xy.junit.DefaultIntervalXYDatasetTests.testGetSeriesKey,1,true
org.jfree.data.xy.junit.DefaultIntervalXYDatasetTests.testGetSeriesCount,1,true
org.jfree.chart.annotations.junit.XYLineAnnotationTests.testHashCode,1,true
org.jfree.chart.block.junit.ColumnArrangementTests.testSerialization,0,true
org.jfree.chart.needle.junit.ArrowNeedleTests.testCloning,0,true
org.jfree.data.junit.KeyedObjectsTests.testSortByValueAscending,1,true
org.jfree.data.xy.junit.DefaultIntervalXYDatasetTests.testGetStartYValue,1,true
org.jfree.data.time.junit.MonthTests.testGetFirstMillisecond,1,true
org.jfree.data.time.junit.MonthTests.testNotCloneable,1,true
org.jfree.chart.labels.junit.StandardXYItemLabelGeneratorTests.testHashCode,0,true
org.jfree.chart.plot.dial.junit.StandardDialRangeTests.testHashCode,1,true
org.jfree.data.xy.junit.DefaultIntervalXYDatasetTests.testPublicCloneable,1,true
org.jfree.data.statistics.junit.SimpleHistogramDatasetTests.testSerialization,2,true
org.jfree.data.time.junit.MonthTests.testJan1900Next,1,true
org.jfree.data.xy.junit.DefaultIntervalXYDatasetTests.testAddSeries,1,true
org.jfree.chart.labels.junit.IntervalCategoryToolTipGeneratorTests.testHashCode,1,true
org.jfree.chart.util.junit.PaintListTests.testEquals,1,true
org.jfree.chart.labels.junit.BoxAndWhiskerToolTipGeneratorTests.testHashCode,1,true
org.jfree.chart.labels.junit.StandardXYZToolTipGeneratorTests.testCloning,1,true
org.jfree.chart.labels.junit.StandardXYZToolTipGeneratorTests.testSerialization,2,true
org.jfree.chart.plot.dial.junit.DialCapTests.testHashCode,1,true
org.jfree.chart.block.junit.FlowArrangementTests.testSerialization,1,true
org.jfree.chart.labels.junit.BoxAndWhiskerXYToolTipGeneratorTests.testHashCode,1,true
org.jfree.chart.needle.junit.LongNeedleTests.testCloning,1,true
org.jfree.chart.needle.junit.LongNeedleTests.testEquals,0,true
org.jfree.chart.needle.junit.ShipNeedleTests.testCloning,1,true
org.jfree.chart.needle.junit.ShipNeedleTests.testEquals,1,true
org.jfree.chart.needle.junit.PointerNeedleTests.testCloning,0,true
org.jfree.chart.needle.junit.PointerNeedleTests.testEquals,1,true
org.jfree.chart.needle.junit.MiddlePinNeedleTests.testCloning,1,true
org.jfree.chart.needle.junit.MiddlePinNeedleTests.testEquals,0,true
org.jfree.data.statistics.junit.BoxAndWhiskerCalculatorTests.testCalculateQ3,1,true
org.jfree.chart.labels.junit.IntervalCategoryItemLabelGeneratorTests.testHashCode,1,true
org.jfree.chart.annotations.junit.XYBoxAnnotationTests.testHashCode,1,true
org.jfree.chart.annotations.junit.XYShapeAnnotationTests.testEquals,1,true
org.jfree.chart.block.junit.BlockBorderTests.testCloning,0,true
org.jfree.chart.needle.junit.MeterNeedleTests.testEquals,1,true
org.jfree.chart.util.junit.RelativeDateFormatTests.testNegative,0,true
org.jfree.data.xy.junit.DefaultIntervalXYDatasetTests.testEquals,2,true
org.jfree.chart.util.junit.StrokeListTests.testHashCode,1,true
org.jfree.chart.util.junit.ShapeUtilitiesTests.testClipLine,2,true
org.jfree.chart.annotations.junit.XYLineAnnotationTests.testEquals,1,true
org.jfree.data.xy.junit.DefaultIntervalXYDatasetTests.testCloning2,1,true
org.jfree.chart.util.junit.StrokeListTests.testCloning,1,true
org.jfree.chart.util.junit.RelativeDateFormatTests.test2033092,1,true
org.jfree.chart.util.junit.RelativeDateFormatTests.testFormat,0,true
org.jfree.chart.plot.dial.junit.StandardDialFrameTests.testHashCode,1,true
org.jfree.chart.block.junit.RectangleConstraintTests.testCalculateConstrainedSize,1,true
org.jfree.data.junit.DefaultKeyedValuesTests.testSerialization,23,true
org.jfree.data.junit.DefaultKeyedValuesTests.testClear,2,true
org.jfree.data.xy.junit.DefaultIntervalXYDatasetTests.testCloning,2,true
org.jfree.data.xy.junit.DefaultIntervalXYDatasetTests.testSerialization,7,true
org.jfree.data.xy.junit.MatrixSeriesTests.testEquals,2,true
org.jfree.data.time.junit.QuarterTests.testQ1Y1900Previous,0,true
org.jfree.data.time.junit.QuarterTests.testGetLastMillisecond,1,true
org.jfree.chart.util.junit.BooleanListTests.testEquals,1,true
org.jfree.chart.labels.junit.StandardCategoryItemLabelGeneratorTests.testHashCode,0,true
org.jfree.chart.util.junit.BooleanListTests.testCloning,0,true
org.jfree.chart.util.junit.BooleanListTests.testSerialization,1,true
org.jfree.chart.plot.dial.junit.StandardDialScaleTests.testCloning,0,true
org.jfree.data.junit.ComparableObjectSeriesTests.testEquals,1,true
org.jfree.data.time.junit.QuarterTests.testGetSerialIndex,1,true
org.jfree.chart.needle.junit.WindNeedleTests.testCloning,1,true
org.jfree.chart.needle.junit.WindNeedleTests.testEquals,0,true
org.jfree.data.xy.junit.XYBarDatasetTests.testCloning,2,true
org.jfree.data.xy.junit.XYBarDatasetTests.testSerialization,5,true
org.jfree.data.xy.junit.XYBarDatasetTests.testEquals,1,true
org.jfree.data.xy.junit.XYBarDatasetTests.testPublicCloneable,1,true
org.jfree.data.xy.junit.MatrixSeriesTests.testCloning,1,true
org.jfree.data.xy.junit.MatrixSeriesTests.testSerialization,1,true
org.jfree.data.time.junit.QuarterTests.testGetEnd,1,true
org.jfree.data.time.junit.QuarterTests.testQ1Y1900Next,1,true
org.jfree.data.time.junit.QuarterTests.testGetFirstMillisecondWithTimeZone,1,true
org.jfree.data.time.junit.QuarterTests.testGetFirstMillisecondWithCalendar,1,true
org.jfree.data.time.junit.QuarterTests.testGetLastMillisecondWithTimeZone,1,true
org.jfree.data.time.junit.QuarterTests.testGetLastMillisecondWithCalendar,1,true
org.jfree.data.time.junit.QuarterTests.testGetStart,1,true
org.jfree.chart.util.junit.PaintListTests.testCloning,1,true
org.jfree.chart.labels.junit.StandardXYToolTipGeneratorTests.testCloning,1,true
org.jfree.chart.labels.junit.StandardXYToolTipGeneratorTests.testSerialization,2,true
org.jfree.chart.labels.junit.StandardXYToolTipGeneratorTests.testEquals,1,true
org.jfree.data.junit.KeyedObjectsTests.testSortByKeyAscending,2,true
org.jfree.data.general.junit.DefaultKeyedValueDatasetTests.testCloneIndependence,1,true
org.jfree.chart.annotations.junit.XYBoxAnnotationTests.testEquals,1,true
org.jfree.data.xy.junit.DefaultXYDatasetTests.testGetSeriesKey,0,true
org.jfree.data.xy.junit.DefaultXYDatasetTests.testIndexOf,1,true
org.jfree.chart.plot.dial.junit.DialBackgroundTests.testEquals,0,true
org.jfree.chart.renderer.category.junit.GradientBarPainterTests.testEquals,1,true
org.jfree.data.xy.junit.DefaultXYDatasetTests.testAddSeries,1,true
org.jfree.data.statistics.junit.StatisticsTests.testCalculateMedian6,0,true
org.jfree.data.statistics.junit.StatisticsTests.testCalculateMedian,1,true
org.jfree.data.gantt.junit.TaskTests.testGetSubTaskCount,1,true
org.jfree.chart.plot.dial.junit.DialPointerTests.testHashCode,0,true
org.jfree.chart.axis.junit.DateTickTests.testHashCode,1,true
org.jfree.data.junit.KeyedObjectsTests.testSortByKeyDescending,2,true
org.jfree.chart.labels.junit.BubbleXYItemLabelGeneratorTests.testEquals,2,true
org.jfree.chart.annotations.junit.CategoryLineAnnotationTests.testCloning,0,true
org.jfree.chart.axis.junit.SegmentedTimelineTests.testMs2IncludedAndExcludedSegments,4,true
org.jfree.chart.axis.junit.SegmentedTimelineTests.testMsIncludedAndExcludedSegments,1,true
org.jfree.data.time.junit.WeekTests.testNext,1,true
org.jfree.chart.junit.ChartRenderingInfoTests.testCloning,2,true
org.jfree.chart.renderer.category.junit.GradientBarPainterTests.testCloning,1,true
org.jfree.chart.renderer.category.junit.GradientBarPainterTests.testSerialization,0,true
org.jfree.data.xy.junit.DefaultXYDatasetTests.testCloning,1,true
org.jfree.data.xy.junit.DefaultXYDatasetTests.testSerialization,2,true
org.jfree.data.xy.junit.DefaultXYDatasetTests.testEquals,1,true
org.jfree.data.statistics.junit.DefaultBoxAndWhiskerXYDatasetTests.testConstructor,0,true
org.jfree.data.gantt.junit.TaskTests.testEquals,0,true
org.jfree.chart.labels.junit.StandardCategoryToolTipGeneratorTests.testCloning,0,true
org.jfree.chart.labels.junit.StandardCategoryToolTipGeneratorTests.testSerialization,6,true
org.jfree.chart.labels.junit.StandardCategoryToolTipGeneratorTests.testEquals,1,true
org.jfree.chart.annotations.junit.XYLineAnnotationTests.testCloning,1,true
org.jfree.data.xy.junit.DefaultXYDatasetTests.testPublicCloneable,1,true
org.jfree.chart.annotations.junit.XYShapeAnnotationTests.testCloning,1,true
org.jfree.chart.plot.dial.junit.DialTextAnnotationTests.testCloning,1,true
org.jfree.chart.plot.dial.junit.DialPointerTests.testEqualsPin,0,true
org.jfree.data.xy.junit.DefaultXYZDatasetTests.testGetSeriesKey,1,true
org.jfree.data.xy.junit.DefaultXYZDatasetTests.testIndexOf,1,true
org.jfree.data.general.junit.DefaultKeyedValueDatasetTests.testSerialization,2,true
org.jfree.chart.plot.dial.junit.DialBackgroundTests.testCloning,0,true
org.jfree.data.xy.junit.DefaultXYZDatasetTests.testAddSeries,1,true
org.jfree.chart.annotations.junit.XYPolygonAnnotationTests.testEquals,0,true
org.jfree.chart.plot.dial.junit.DialPointerTests.testEqualsPointer,0,true
org.jfree.chart.needle.junit.PinNeedleTests.testCloning,1,true
org.jfree.chart.needle.junit.PinNeedleTests.testEquals,1,true
org.jfree.chart.needle.junit.PlumNeedleTests.testCloning,1,true
org.jfree.chart.needle.junit.PlumNeedleTests.testEquals,1,true
org.jfree.chart.labels.junit.BubbleXYItemLabelGeneratorTests.testCloning,1,true
org.jfree.chart.labels.junit.BubbleXYItemLabelGeneratorTests.testSerialization,2,true
org.jfree.chart.annotations.junit.XYDrawableAnnotationTests.testHashCode,1,true
org.jfree.chart.plot.dial.junit.DialCapTests.testEquals,0,true
org.jfree.chart.needle.junit.LineNeedleTests.testCloning,0,true
org.jfree.chart.needle.junit.LineNeedleTests.testEquals,0,true
org.jfree.data.junit.DefaultKeyedValues2DTests.testRemoveRow,1,true
org.jfree.data.xy.junit.MatrixSeriesTests.testGetItem,1,true
org.jfree.data.general.junit.DefaultKeyedValueDatasetTests.testEquals,1,true
org.jfree.data.statistics.junit.RegressionTests.testOLSRegression1a,0,true
org.jfree.data.statistics.junit.RegressionTests.testPowerRegression1a,0,true
org.jfree.chart.labels.junit.StandardXYZToolTipGeneratorTests.testPublicCloneable,1,true
org.jfree.chart.annotations.junit.CategoryLineAnnotationTests.testPublicCloneable,0,true
org.jfree.data.statistics.junit.StatisticsTests.testGetStdDev,1,true
org.jfree.data.statistics.junit.StatisticsTests.testCorrelation1,1,true
org.jfree.chart.labels.junit.StandardXYItemLabelGeneratorTests.testCloning,1,true
org.jfree.chart.labels.junit.StandardXYItemLabelGeneratorTests.testSerialization,2,true
org.jfree.chart.labels.junit.StandardXYItemLabelGeneratorTests.testEquals,1,true
org.jfree.chart.annotations.junit.XYBoxAnnotationTests.testCloning,2,true
org.jfree.chart.plot.dial.junit.StandardDialRangeTests.testEquals,1,true
org.jfree.chart.axis.junit.DateTickTests.testCloning,0,true
org.jfree.data.xy.junit.DefaultXYZDatasetTests.testPublicCloneable,1,true
org.jfree.data.general.junit.DefaultKeyedValueDatasetTests.testCloning,1,true
org.jfree.data.gantt.junit.TaskTests.testCloning,0,true
org.jfree.data.gantt.junit.TaskTests.testSerialization,1,true
org.jfree.chart.util.junit.BooleanListTests.testHashCode,1,true
org.jfree.data.xy.junit.MatrixSeriesTests.testGetItemColumn,1,true
org.jfree.data.general.junit.DefaultHeatMapDatasetTests.testGeneral,1,true
org.jfree.chart.labels.junit.BoxAndWhiskerToolTipGeneratorTests.testEquals,1,true
org.jfree.chart.plot.dial.junit.StandardDialFrameTests.testEquals,1,true
org.jfree.data.xy.junit.DefaultXYZDatasetTests.testEquals,2,true
org.jfree.data.xy.junit.MatrixSeriesTests.testGetItemRow,0,true
org.jfree.chart.util.junit.RelativeDateFormatTests.testHashCode,1,true
org.jfree.data.junit.ComparableObjectSeriesTests.testCloning,2,true
org.jfree.data.junit.ComparableObjectSeriesTests.testSerialization,25,true
org.jfree.data.xy.junit.DefaultXYZDatasetTests.testCloning,2,true
org.jfree.data.xy.junit.DefaultXYZDatasetTests.testSerialization,6,true
org.jfree.chart.labels.junit.StandardPieToolTipGeneratorTests.testHashCode,1,true
org.jfree.chart.plot.dial.junit.DialCapTests.testCloning,0,true
org.jfree.chart.plot.dial.junit.ArcDialFrameTests.testCloning,0,true
org.jfree.chart.block.junit.BorderArrangementTests.testSerialization,1,true
org.jfree.data.junit.DefaultKeyedValuesTests.testRemoveValue,2,true
org.jfree.data.junit.KeyedObjectsTests.testSetObject,1,true
org.jfree.data.time.junit.QuarterTests.testDateConstructor1,1,true
org.jfree.data.time.junit.QuarterTests.testDateConstructor2,2,true
org.jfree.chart.labels.junit.BoxAndWhiskerToolTipGeneratorTests.testCloning,1,true
org.jfree.chart.labels.junit.BoxAndWhiskerToolTipGeneratorTests.testSerialization,3,true
org.jfree.chart.labels.junit.IntervalCategoryItemLabelGeneratorTests.testEquals,1,true
org.jfree.chart.annotations.junit.XYDrawableAnnotationTests.testEquals,1,true
org.jfree.data.xy.junit.DefaultHighLowDatasetTests.testEquals,1,true
org.jfree.data.xy.junit.DefaultHighLowDatasetTests.testPublicCloneable,1,true
org.jfree.data.time.junit.QuarterTests.testEqualsSelf,1,true
org.jfree.data.time.junit.WeekTests.testBug1498805,1,true
org.jfree.chart.labels.junit.IntervalCategoryItemLabelGeneratorTests.testSerialization,7,true
org.jfree.data.junit.DefaultKeyedValuesTests.testCloning,3,true
org.jfree.data.junit.DefaultKeyedValuesTests.testInsertAndRetrieve,3,true
org.jfree.chart.labels.junit.IntervalCategoryToolTipGeneratorTests.testEquals,1,true
org.jfree.chart.annotations.junit.XYImageAnnotationTests.testPublicCloneable,1,true
org.jfree.chart.plot.junit.MeterIntervalTests.testCloning,1,true
org.jfree.chart.block.junit.FlowArrangementTests.testEquals,0,true
org.jfree.chart.block.junit.ColumnArrangementTests.testCloning,0,true
org.jfree.chart.renderer.junit.LookupPaintScaleTests.testGeneral,1,true
org.jfree.data.junit.ComparableObjectSeriesTests.testConstructor1,2,true
org.jfree.data.xy.junit.VectorDataItemTests.testEquals,1,true
org.jfree.chart.labels.junit.StandardCategoryItemLabelGeneratorTests.testCloning,1,true
org.jfree.chart.labels.junit.StandardCategoryItemLabelGeneratorTests.testSerialization,6,true
org.jfree.chart.labels.junit.StandardCategoryItemLabelGeneratorTests.testEquals,1,true
org.jfree.data.junit.KeyedObjectsTests.testRemoveValueInt,1,true
org.jfree.data.statistics.junit.StatisticsTests.testCorrelation2,0,true
org.jfree.chart.labels.junit.BoxAndWhiskerXYToolTipGeneratorTests.testEquals,2,true
org.jfree.chart.annotations.junit.XYDrawableAnnotationTests.testCloning,3,true
org.jfree.chart.annotations.junit.XYDrawableAnnotationTests.testSerialization,3,true
org.jfree.data.xy.junit.VectorDataItemTests.testCloning,1,true
org.jfree.data.xy.junit.VectorDataItemTests.testSerialization,2,true
org.jfree.data.xy.junit.YIntervalSeriesCollectionTests.testPublicCloneable,0,true
org.jfree.chart.labels.junit.IntervalCategoryItemLabelGeneratorTests.testCloning,2,true
org.jfree.data.junit.KeyedObjectsTests.testSerialization,5,true
org.jfree.data.junit.KeyedObjectsTests.testGetObject,2,true
org.jfree.data.xy.junit.VectorDataItemTests.testHashcode,1,true
org.jfree.data.time.junit.WeekTests.testGetSerialIndex,0,true
org.jfree.data.time.junit.WeekTests.testGetLastMillisecond,0,true
org.jfree.chart.util.junit.RelativeDateFormatTests.testEquals,1,true
org.jfree.chart.labels.junit.IntervalCategoryToolTipGeneratorTests.testCloning,1,true
org.jfree.chart.labels.junit.IntervalCategoryToolTipGeneratorTests.testSerialization,14,true
org.jfree.chart.labels.junit.StandardCategoryToolTipGeneratorTests.testEquals1481087,0,true
org.jfree.chart.plot.dial.junit.AbstractDialLayerTests.testEquals,0,true
org.jfree.chart.plot.dial.junit.DialPointerTests.testEquals,1,true
org.jfree.chart.block.junit.FlowArrangementTests.testCloning,1,true
org.jfree.data.xy.junit.DefaultHighLowDatasetTests.testCloning,1,true
org.jfree.data.xy.junit.DefaultHighLowDatasetTests.testSerialization,3,true
org.jfree.data.time.junit.WeekTests.testW52Y9999Next,0,true
org.jfree.data.time.junit.WeekTests.testWeek12005,0,true
org.jfree.chart.annotations.junit.XYPolygonAnnotationTests.testCloning,2,true
org.jfree.chart.labels.junit.BoxAndWhiskerXYToolTipGeneratorTests.testCloning,2,true
org.jfree.chart.labels.junit.BoxAndWhiskerXYToolTipGeneratorTests.testSerialization,1,true
org.jfree.chart.annotations.junit.XYLineAnnotationTests.testPublicCloneable,0,true
org.jfree.data.junit.KeyedObjectsTests.testRemoveValue,2,true
org.jfree.chart.entity.junit.CategoryLabelEntityTests.testEquals,1,true
org.jfree.data.xy.junit.DefaultWindDatasetTests.testPublicCloneable,1,true
org.jfree.chart.entity.junit.CategoryLabelEntityTests.testCloning,1,true
org.jfree.data.junit.KeyToGroupMapTests.testGroupCount,2,true
org.jfree.data.category.junit.CategoryToPieDatasetTests.testConstructor,0,true
org.jfree.chart.entity.junit.LegendItemEntityTests.testCloning,0,true
org.jfree.chart.util.junit.ShapeUtilitiesTests.testEqualLine2Ds,0,true
org.jfree.chart.labels.junit.BubbleXYItemLabelGeneratorTests.testPublicCloneable,1,true
org.jfree.chart.labels.junit.StandardXYToolTipGeneratorTests.testPublicCloneable,1,true
org.jfree.data.junit.KeyToGroupMapTests.testGetGroupIndex,1,true
org.jfree.data.time.junit.WeekTests.testW1Y1900Previous,0,true
org.jfree.chart.util.junit.ShapeUtilitiesTests.testEqualGeneralPaths,1,true
org.jfree.chart.annotations.junit.XYShapeAnnotationTests.testPublicCloneable,0,true
org.jfree.data.junit.KeyToGroupMapTests.testEquals,1,true
org.jfree.data.time.junit.WeekTests.testGetEnd,0,true
org.jfree.chart.util.junit.ShapeUtilitiesTests.testIntersects,1,true
org.jfree.data.statistics.junit.RegressionTests.testOLSRegression2a,0,true
org.jfree.data.time.junit.QuarterTests.testQ4Y9999Previous,1,true
org.jfree.data.time.junit.QuarterTests.testNotCloneable,1,true
org.jfree.data.time.junit.WeekTests.testW52Y9999Previous,1,true
org.jfree.data.time.junit.WeekTests.testGetFirstMillisecondWithTimeZone,1,true
org.jfree.data.time.junit.WeekTests.testGetFirstMillisecondWithCalendar,1,true
org.jfree.data.time.junit.WeekTests.testGetLastMillisecondWithTimeZone,1,true
org.jfree.data.time.junit.WeekTests.testGetLastMillisecondWithCalendar,1,true
org.jfree.data.time.junit.WeekTests.testGetStart,1,true
org.jfree.chart.annotations.junit.XYBoxAnnotationTests.testPublicCloneable,1,true
org.jfree.data.junit.KeyToGroupMapTests.testSerialization,4,true
org.jfree.data.junit.KeyedObjectsTests.testInsertAndRetrieve,2,true
org.jfree.chart.urls.junit.StandardCategoryURLGeneratorTests.testEquals,0,true
org.jfree.data.xy.junit.XYIntervalSeriesCollectionTests.testPublicCloneable,0,true
org.jfree.data.time.junit.DateRangeTests.testImmutable,0,true
org.jfree.chart.util.junit.StrokeMapTests.testEquals,0,true
org.jfree.chart.labels.junit.StandardCategoryToolTipGeneratorTests.testPublicCloneable,0,true
org.jfree.chart.axis.junit.AxisSpaceTests.testHashCode,1,true
org.jfree.data.junit.KeyToGroupMapTests.testCloning,6,true
org.jfree.data.junit.KeyToGroupMapTests.testGetGroup,1,true
org.jfree.data.xy.junit.XYIntervalDataItemTests.testCloning,1,true
org.jfree.data.xy.junit.XYIntervalDataItemTests.testSerialization,2,true
org.jfree.data.xy.junit.XYIntervalDataItemTests.testEquals,1,true
org.jfree.data.time.junit.QuarterTests.testGetFirstMillisecond,1,true
org.jfree.data.time.junit.WeekTests.testGetFirstMillisecond,1,true
org.jfree.data.time.junit.WeekTests.testNotCloneable,1,true
org.jfree.data.time.junit.WeekTests.testWeek532005,1,true
org.jfree.chart.entity.junit.TickLabelEntityTests.testCloning,1,true
org.jfree.chart.entity.junit.TickLabelEntityTests.testEquals,0,true
org.jfree.data.junit.KeyToGroupMapTests.testMapKeyToGroup,2,true
org.jfree.data.junit.KeyToGroupMapTests.testKeyCount,1,true
org.jfree.data.xy.junit.YIntervalDataItemTests.testCloning,1,true
org.jfree.data.xy.junit.YIntervalDataItemTests.testSerialization,2,true
org.jfree.data.xy.junit.YIntervalDataItemTests.testEquals,1,true
org.jfree.data.xy.junit.VectorSeriesCollectionTests.testPublicCloneable,1,true
org.jfree.data.time.junit.QuarterTests.testQ4Y9999Next,1,true
org.jfree.data.time.junit.WeekTests.testW1Y1900Next,0,true
org.jfree.data.time.junit.DateRangeTests.testSerialization,1,true
org.jfree.data.time.junit.DateRangeTests.testEquals,0,true
org.jfree.data.time.junit.DateRangeTests.testClone,1,true
org.jfree.chart.axis.junit.SegmentedTimelineTests.testMs2SegmentedTimeline,0,true
org.jfree.chart.axis.junit.SegmentedTimelineTests.testMondayThroughFridaySegmentedTimeline,0,true
org.jfree.data.xy.junit.DefaultOHLCDatasetTests.testEquals,2,true
org.jfree.data.xy.junit.XYIntervalDataItemTests.testConstructor1,1,true
org.jfree.chart.axis.junit.SegmentedTimelineTests.testHashCode,0,true
org.jfree.chart.axis.junit.SegmentedTimelineTests.testSerialization2,2,true
org.jfree.chart.axis.junit.SegmentedTimelineTests.testFifteenMinSegmentedTimeline,1,true
org.jfree.data.xy.junit.XYDataItemTests.testEquals,1,true
org.jfree.chart.util.junit.StrokeMapTests.testCloning,1,true
org.jfree.chart.labels.junit.ItemLabelAnchorTests.testSerialization,1,true
org.jfree.chart.labels.junit.ItemLabelAnchorTests.testEquals,0,true
org.jfree.data.junit.KeyedObjectsTests.testCloning,1,true
org.jfree.data.xy.junit.XYDataItemTests.testCloning,1,true
org.jfree.data.xy.junit.XYDataItemTests.testSerialization,1,true
org.jfree.chart.annotations.junit.XYDrawableAnnotationTests.testPublicCloneable,0,true
org.jfree.chart.axis.junit.MarkerAxisBandTests.testHashCode,0,true
org.jfree.data.junit.DefaultKeyedValuesTests.testInsertValue,4,true
org.jfree.data.time.junit.QuarterTests.testConstructor,1,true
org.jfree.data.time.junit.QuarterTests.testSerialization,2,true
org.jfree.data.time.junit.QuarterTests.testEquals,1,true
org.jfree.data.time.junit.WeekTests.testBug1448828,1,true
org.jfree.chart.urls.junit.StandardPieURLGeneratorTests.testEquals,0,true
org.jfree.data.xy.junit.MatrixSeriesCollectionTests.testPublicCloneable,1,true
org.jfree.data.xy.junit.XIntervalDataItemTests.testCloning,1,true
org.jfree.data.xy.junit.XIntervalDataItemTests.testSerialization,3,true
org.jfree.data.xy.junit.XIntervalDataItemTests.testEquals,1,true
org.jfree.data.time.junit.QuarterTests.testHashcode,2,true
org.jfree.chart.labels.junit.MultipleXYSeriesLabelGeneratorTests.testHashCode,1,true
org.jfree.chart.renderer.junit.LookupPaintScaleTests.testEquals,1,true
org.jfree.chart.axis.junit.SegmentedTimelineTests.testCloning,3,true
org.jfree.chart.axis.junit.SegmentedTimelineTests.testSerialization,3,true
org.jfree.chart.axis.junit.SegmentedTimelineTests.testEquals,0,true
org.jfree.data.time.junit.WeekTests.testEquals,1,true
org.jfree.data.time.junit.MonthTests.testHashcode,2,true
org.jfree.data.time.junit.MonthTests.testSerialization,2,true
org.jfree.data.time.junit.MonthTests.testEquals,1,true
org.jfree.chart.labels.junit.StandardCategoryItemLabelGeneratorTests.testEquals1481087,0,true
org.jfree.chart.labels.junit.StandardXYItemLabelGeneratorTests.testPublicCloneable,1,true
org.jfree.chart.labels.junit.StandardPieToolTipGeneratorTests.testCloning,1,true
org.jfree.chart.labels.junit.StandardPieToolTipGeneratorTests.testSerialization,3,true
org.jfree.chart.labels.junit.StandardPieToolTipGeneratorTests.testEquals,1,true
org.jfree.chart.labels.junit.StandardPieToolTipGeneratorTests.testPublicCloneable,0,true
org.jfree.chart.renderer.junit.LookupPaintScaleTests.testConstructor2,1,true
org.jfree.data.junit.DataUtilitiesTests.testCreateNumberArray2D,1,true
org.jfree.data.xy.junit.DefaultOHLCDatasetTests.testCloning2,2,true
org.jfree.data.statistics.junit.StatisticsTests.testCalculateMedian4,0,true
org.jfree.chart.labels.junit.IntervalCategoryToolTipGeneratorTests.testEquals2,1,true
org.jfree.chart.annotations.junit.XYPolygonAnnotationTests.testPublicCloneable,27,true
org.jfree.chart.plot.dial.junit.StandardDialRangeTests.testCloning,1,true
org.jfree.chart.axis.junit.MarkerAxisBandTests.testEquals,0,true
org.jfree.data.xy.junit.DefaultIntervalXYDatasetTests.testGetItemCount,4,true
org.jfree.data.time.junit.WeekTests.testConstructor,2,true
org.jfree.data.time.junit.WeekTests.testSerialization,2,true
org.jfree.chart.labels.junit.IntervalCategoryToolTipGeneratorTests.testPublicCloneable,1,true
org.jfree.chart.plot.dial.junit.DialPointerTests.testCloning,2,true
org.jfree.chart.axis.junit.AxisSpaceTests.testEquals,0,true
org.jfree.chart.labels.junit.BoxAndWhiskerToolTipGeneratorTests.testPublicCloneable,1,true
org.jfree.chart.plot.dial.junit.AbstractDialLayerTests.testCloning,0,true
org.jfree.chart.urls.junit.StandardPieURLGeneratorTests.testSerialization,1,true
org.jfree.data.junit.RangeTests.testIntersects,2,true
org.jfree.data.xy.junit.DefaultOHLCDatasetTests.testPublicCloneable,1,true
org.jfree.data.statistics.junit.StatisticsTests.testCalculateMean_Array,1,true
org.jfree.data.statistics.junit.StatisticsTests.testCalculateMedian5,1,true
org.jfree.data.statistics.junit.StatisticsTests.testCalculateMedian2,1,true
org.jfree.chart.labels.junit.BoxAndWhiskerXYToolTipGeneratorTests.testPublicCloneable,0,true
org.jfree.chart.urls.junit.StandardCategoryURLGeneratorTests.testSerialization,1,true
org.jfree.data.statistics.junit.SimpleHistogramBinTests.testAccepts,1,true
org.jfree.chart.labels.junit.IntervalCategoryItemLabelGeneratorTests.testPublicCloneable,1,true
org.jfree.chart.axis.junit.MarkerAxisBandTests.testSerialization,1,true
org.jfree.data.junit.RangeTests.testExpand,1,true
org.jfree.data.time.junit.YearTests.testGetSerialIndex,0,true
org.jfree.data.time.junit.YearTests.testNext,1,true
org.jfree.data.time.junit.YearTests.testGetLastMillisecond,1,true
org.jfree.chart.labels.junit.HighLowItemLabelGeneratorTests.testHashCode,1,true
org.jfree.chart.urls.junit.StandardXYURLGeneratorTests.testSerialization,1,true
org.jfree.data.xy.junit.XIntervalSeriesCollectionTests.testPublicCloneable,1,true
org.jfree.data.xy.junit.YIntervalDataItemTests.testConstructor1,1,true
org.jfree.data.xy.junit.XIntervalDataItemTests.testConstructor1,1,true
org.jfree.data.time.junit.YearTests.test1900Next,1,true
org.jfree.data.time.junit.YearTests.testParseYear,1,true
org.jfree.chart.block.junit.BorderArrangementTests.testCloning,1,true
org.jfree.data.statistics.junit.BoxAndWhiskerItemTests.testSerialization,2,true
org.jfree.data.statistics.junit.BoxAndWhiskerItemTests.testEquals,0,true
org.jfree.data.time.junit.YearTests.test9999Previous,1,true
org.jfree.chart.labels.junit.StandardCategoryItemLabelGeneratorTests.testPublicCloneable,1,true
org.jfree.data.statistics.junit.SimpleHistogramBinTests.testOverlapsWidth,1,true
org.jfree.data.time.junit.YearTests.test9999Next,1,true
org.jfree.chart.util.junit.PaintMapTests.testEquals,1,true
org.jfree.chart.axis.junit.AxisSpaceTests.testCloning,0,true
org.jfree.chart.util.junit.PaintMapTests.testGetPaint,0,true
org.jfree.chart.labels.junit.StandardXYSeriesLabelGeneratorTests.testHashCode,1,true
org.jfree.chart.renderer.junit.LookupPaintScaleTests.testCloning,1,true
org.jfree.chart.renderer.xy.junit.GradientXYBarPainterTests.testHashcode,0,true
org.jfree.data.time.junit.YearTests.testMinuss9999Previous,3,true
org.jfree.chart.util.junit.PaintMapTests.testPut,0,true
org.jfree.chart.util.junit.PaintMapTests.testKeysOfDifferentClasses,0,true
org.jfree.data.junit.DefaultKeyedValuesTests.testAddValue,4,true
org.jfree.data.statistics.junit.RegressionTests.testPowerRegression2a,1,true
org.jfree.chart.util.junit.StrokeMapTests.testGetStroke,1,true
org.jfree.chart.axis.junit.NumberTickUnitTests.testEquals,0,true
org.jfree.chart.axis.junit.NumberTickUnitTests.testHashCode,1,true
org.jfree.data.time.junit.YearTests.testGetEnd,1,true
org.jfree.chart.util.junit.RelativeDateFormatTests.testCloning,2,true
org.jfree.chart.util.junit.PaintMapTests.testCloning,0,true
org.jfree.chart.util.junit.StrokeMapTests.testPut,1,true
org.jfree.chart.axis.junit.NumberTickUnitTests.testCloning,0,true
org.jfree.chart.axis.junit.NumberTickUnitTests.testSerialization,1,true
org.jfree.data.xy.junit.DefaultOHLCDatasetTests.testSerialization,10,true
org.jfree.data.time.junit.YearTests.testEqualsSelf,1,true
org.jfree.data.time.junit.YearTests.testDateConstructor1,1,true
org.jfree.data.time.junit.YearTests.testDateConstructor2,0,true
org.jfree.data.time.junit.YearTests.testGetFirstMillisecondWithTimeZone,0,true
org.jfree.data.time.junit.YearTests.testGetFirstMillisecondWithCalendar,1,true
org.jfree.data.time.junit.YearTests.testGetLastMillisecondWithTimeZone,0,true
org.jfree.data.time.junit.YearTests.testGetLastMillisecondWithCalendar,0,true
org.jfree.data.time.junit.YearTests.testGetStart,0,true
org.jfree.data.junit.RangeTests.testHashCode,1,true
org.jfree.data.junit.RangeTests.testContains,1,true
org.jfree.data.statistics.junit.SimpleHistogramBinTests.testEquals,0,true
org.jfree.data.time.junit.WeekTests.testHashcode,3,true
org.jfree.data.junit.DefaultKeyedValuesTests.testGetIndex2,3,true
org.jfree.data.junit.KeyedObjectTests.testEquals,2,true
org.jfree.chart.labels.junit.StandardCategorySeriesLabelGeneratorTests.testHashCode,1,true
org.jfree.data.statistics.junit.StatisticsTests.testCalculateMedian1,0,true
org.jfree.chart.plot.dial.junit.StandardDialFrameTests.testCloning,2,true
org.jfree.data.junit.KeyedObjectTests.testCloning,1,true
org.jfree.data.junit.KeyedObjectTests.testSerialization,1,true
org.jfree.data.statistics.junit.SimpleHistogramBinTests.testCloning,0,true
org.jfree.data.statistics.junit.SimpleHistogramBinTests.testSerialization,2,true
org.jfree.chart.urls.junit.CustomXYURLGeneratorTests.testCloning,0,true
org.jfree.chart.urls.junit.CustomXYURLGeneratorTests.testSerialization,1,true
org.jfree.chart.urls.junit.CustomXYURLGeneratorTests.testEquals,0,true
org.jfree.chart.urls.junit.CustomXYURLGeneratorTests.testPublicCloneable,0,true
org.jfree.chart.urls.junit.CustomXYURLGeneratorTests.testAddURLSeries,0,true
org.jfree.chart.urls.junit.CustomCategoryURLGeneratorTests.testCloning,1,true
org.jfree.chart.urls.junit.CustomCategoryURLGeneratorTests.testSerialization,2,true
org.jfree.chart.urls.junit.CustomCategoryURLGeneratorTests.testEquals,0,true
org.jfree.chart.urls.junit.CustomCategoryURLGeneratorTests.testPublicCloneable,0,true
org.jfree.chart.urls.junit.CustomCategoryURLGeneratorTests.testAddURLSeries,0,true
org.jfree.data.junit.RangeTests.testConstrain,1,true
org.jfree.data.time.junit.SimpleTimePeriodTests.testEqualsSelf,1,true
org.jfree.chart.urls.junit.CustomPieURLGeneratorTests.testCloning,1,true
org.jfree.chart.urls.junit.CustomPieURLGeneratorTests.testSerialization,1,true
org.jfree.chart.urls.junit.CustomPieURLGeneratorTests.testEquals,0,true
org.jfree.chart.urls.junit.CustomPieURLGeneratorTests.testPublicCloneable,0,true
org.jfree.data.junit.DataUtilitiesTests.testEqual,1,true
org.jfree.data.statistics.junit.MeanAndStandardDeviationTests.testEquals,0,true
org.jfree.data.statistics.junit.StatisticsTests.testCalculateMean_Collection,1,true
org.jfree.data.time.junit.SimpleTimePeriodTests.testCompareTo,0,true
org.jfree.data.time.junit.SimpleTimePeriodTests.testImmutable,0,true
org.jfree.chart.util.junit.LineUtilitiesTests.testClipLine,1,true
org.jfree.chart.util.junit.PaintMapTests.testSerialization1,1,true
org.jfree.data.statistics.junit.MeanAndStandardDeviationTests.testSerialization,1,true
org.jfree.chart.util.junit.StrokeMapTests.testSerialization1,1,true
org.jfree.chart.imagemap.junit.StandardToolTipTagFragmentGeneratorTests.testGenerateURLFragment,0,true
org.jfree.chart.imagemap.junit.DynamicDriveToolTipTagFragmentGeneratorTests.testGenerateURLFragment,0,true
org.jfree.chart.imagemap.junit.OverLIBToolTipTagFragmentGeneratorTests.testGenerateURLFragment,1,true
org.jfree.chart.renderer.junit.LookupPaintScaleTests.testConstructor1,0,true
org.jfree.chart.labels.junit.CustomXYItemLabelGeneratorTests.testSerialization,2,true
org.jfree.chart.labels.junit.CustomXYItemLabelGeneratorTests.testPublicCloneable,0,true
org.jfree.chart.labels.junit.MultipleXYSeriesLabelGeneratorTests.testPublicCloneable,0,true
org.jfree.chart.urls.junit.StandardCategoryURLGeneratorTests.testPublicCloneable,1,true
org.jfree.chart.imagemap.junit.ImageMapUtilitiesTests.testHTMLEscape,0,true
org.jfree.data.junit.DefaultKeyedValuesTests.testGetIndex,4,true
org.jfree.data.time.junit.YearTests.testGetFirstMillisecond,1,true
org.jfree.data.time.junit.YearTests.testNotCloneable,0,true
org.jfree.data.junit.RangeTests.testScale,1,true
org.jfree.data.xy.junit.DefaultOHLCDatasetTests.testCloning,3,true
org.jfree.data.time.junit.YearTests.testHashcode,1,true
org.jfree.data.time.junit.YearTests.testSerialization,1,true
org.jfree.data.time.junit.YearTests.testEquals,0,true
org.jfree.chart.urls.junit.TimeSeriesURLGeneratorTests.testEquals,2,true
org.jfree.chart.urls.junit.TimeSeriesURLGeneratorTests.testPublicCloneable,0,true
org.jfree.chart.axis.junit.MonthDateFormatTests.testEquals,1,true
org.jfree.chart.axis.junit.MonthDateFormatTests.testHashCode,1,true
org.jfree.data.junit.DefaultKeyedValuesTests.testGetKeys,5,true
org.jfree.data.junit.KeyedObjectsTests.testGetIndex,2,true
org.jfree.data.function.junit.NormalDistributionFunction2DTests.testHashCode,0,true
org.jfree.chart.util.junit.LogFormatTests.testEquals,1,true
org.jfree.data.junit.DefaultKeyedValuesTests.testGetItemCount,6,true
org.jfree.chart.labels.junit.MultipleXYSeriesLabelGeneratorTests.testEquals,1,true
org.jfree.data.junit.KeyedObjectsTests.testGetKey,4,true
org.jfree.chart.labels.junit.MultipleXYSeriesLabelGeneratorTests.testCloning,1,true
org.jfree.chart.labels.junit.MultipleXYSeriesLabelGeneratorTests.testSerialization,1,true
org.jfree.chart.renderer.junit.GrayPaintScaleTests.testGetPaint,1,true
org.jfree.data.time.ohlc.junit.OHLCTests.testCloning,1,true
org.jfree.data.time.ohlc.junit.OHLCTests.testSerialization,0,true
org.jfree.data.time.ohlc.junit.OHLCTests.testEquals,1,true
org.jfree.chart.axis.junit.MonthDateFormatTests.testCloning,1,true
org.jfree.chart.axis.junit.MonthDateFormatTests.testSerialization,2,true
org.jfree.data.junit.RangeTests.testShift,1,true
org.jfree.chart.urls.junit.StandardPieURLGeneratorTests.testPublicCloneable,1,true
org.jfree.data.junit.DataUtilitiesTests.testClone,1,true
org.jfree.chart.labels.junit.HighLowItemLabelGeneratorTests.testPublicCloneable,1,true
org.jfree.data.junit.DefaultKeyedValuesTests.testGetValue,7,true
org.jfree.data.xy.junit.OHLCDataItemTests.testCloning,1,true
org.jfree.data.xy.junit.OHLCDataItemTests.testSerialization,3,true
org.jfree.data.xy.junit.OHLCDataItemTests.testEquals,0,true
org.jfree.chart.renderer.junit.GrayPaintScaleTests.testEquals,1,true
org.jfree.data.junit.DefaultKeyedValuesTests.testConstructor,6,true
org.jfree.chart.util.junit.LogFormatTests.testCloning,0,true
org.jfree.chart.util.junit.LogFormatTests.testSerialization,2,true
org.jfree.chart.renderer.xy.junit.GradientXYBarPainterTests.testEquals,0,true
org.jfree.chart.axis.junit.AxisLocationTests.testSerialization,0,true
org.jfree.chart.axis.junit.AxisLocationTests.testEquals,0,true
org.jfree.chart.axis.junit.AxisLocationTests.testHashCode,0,true
org.jfree.data.function.junit.LineFunction2DTests.testHashCode,0,true
org.jfree.data.function.junit.PolynomialFunction2DTests.testHashCode,1,true
org.jfree.chart.labels.junit.HighLowItemLabelGeneratorTests.testEquals,2,true
org.jfree.chart.labels.junit.StandardXYSeriesLabelGeneratorTests.testPublicCloneable,0,true
org.jfree.chart.block.junit.ColumnArrangementTests.testEquals,1,true
org.jfree.chart.renderer.junit.GrayPaintScaleTests.testCloning,0,true
org.jfree.chart.renderer.junit.GrayPaintScaleTests.testSerialization,1,true
org.jfree.data.junit.ComparableObjectItemTests.testEquals,1,true
org.jfree.data.xy.junit.XYIntervalTests.testEquals,1,true
org.jfree.data.time.junit.SimpleTimePeriodTests.testEquals,1,true
org.jfree.data.time.junit.SimpleTimePeriodTests.testClone,1,true
org.jfree.data.function.junit.PowerFunction2DTests.testHashCode,1,true
org.jfree.chart.util.junit.LogFormatTests.testHashcode,1,true
org.jfree.chart.axis.junit.QuarterDateFormatTests.testEquals,1,true
org.jfree.chart.axis.junit.QuarterDateFormatTests.testHashCode,0,true
org.jfree.data.junit.DefaultKeyedValueTests.testEquals,1,true
org.jfree.data.statistics.junit.HistogramBinTests.testCloning,0,true
org.jfree.data.statistics.junit.HistogramBinTests.testSerialization,1,true
org.jfree.data.statistics.junit.HistogramBinTests.testEquals,1,true
org.jfree.chart.labels.junit.HighLowItemLabelGeneratorTests.testCloning,2,true
org.jfree.chart.labels.junit.HighLowItemLabelGeneratorTests.testSerialization,19,true
org.jfree.chart.renderer.junit.OutlierTests.testEquals,1,true
org.jfree.chart.renderer.xy.junit.GradientXYBarPainterTests.testCloning,0,true
org.jfree.chart.renderer.xy.junit.GradientXYBarPainterTests.testSerialization,1,true
org.jfree.data.junit.DefaultKeyedValuesTests.testGetKey,46,true
org.jfree.data.junit.DefaultKeyedValueTests.testCloning,2,true
org.jfree.data.junit.DefaultKeyedValueTests.testSerialization,4,true
org.jfree.data.xy.junit.VectorTests.testHashcode,0,true
org.jfree.data.xy.junit.VectorTests.testCloning,1,true
org.jfree.data.xy.junit.VectorTests.testSerialization,1,true
org.jfree.data.xy.junit.VectorTests.testEquals,1,true
org.jfree.data.time.junit.SimpleTimePeriodTests.testHashcode,1,true
org.jfree.data.time.junit.SimpleTimePeriodTests.testSerialization,1,true
org.jfree.chart.plot.junit.PlotOrientationTests.testSerialization,0,true
org.jfree.chart.plot.junit.PlotOrientationTests.testEquals,0,true
org.jfree.chart.renderer.junit.AreaRendererEndTypeTests.testSerialization,1,true
org.jfree.chart.renderer.junit.AreaRendererEndTypeTests.testEquals,0,true
org.jfree.chart.axis.junit.QuarterDateFormatTests.testCloning,1,true
org.jfree.chart.axis.junit.QuarterDateFormatTests.testSerialization,1,true
org.jfree.data.junit.ComparableObjectItemTests.testCloning,1,true
org.jfree.data.junit.ComparableObjectItemTests.testSerialization,3,true
org.jfree.data.junit.ComparableObjectItemTests.testCompareTo,1,true
org.jfree.data.junit.DomainOrderTests.testHashCode,1,true
org.jfree.data.junit.RangeTypeTests.testHashCode,1,true
org.jfree.data.xy.junit.XYCoordinateTests.testEquals,1,true
org.jfree.data.statistics.junit.StatisticsTests.testCalculateMedian3,2,true
org.jfree.data.time.junit.FixedMillisecondTests.testSerialization,1,true
org.jfree.data.time.junit.FixedMillisecondTests.testImmutability,1,true
org.jfree.data.time.junit.FixedMillisecondTests.testNotCloneable,1,true
org.jfree.chart.axis.junit.DateTickMarkPositionTests.testEquals,0,true
org.jfree.chart.axis.junit.DateTickMarkPositionTests.testHashCode,0,true
org.jfree.chart.axis.junit.CategoryLabelWidthTypeTests.testSerialization,0,true
org.jfree.chart.axis.junit.CategoryLabelWidthTypeTests.testEquals,1,true
org.jfree.chart.axis.junit.CategoryLabelWidthTypeTests.testHashCode,1,true
org.jfree.data.junit.DomainOrderTests.testEquals,1,true
org.jfree.data.junit.RangeTypeTests.testEquals,0,true
org.jfree.data.junit.RangeTests.testEquals,2,true
org.jfree.chart.labels.junit.StandardXYSeriesLabelGeneratorTests.testEquals,1,true
org.jfree.chart.urls.junit.StandardXYURLGeneratorTests.testPublicCloneable,0,true
org.jfree.chart.axis.junit.DateTickMarkPositionTests.testSerialization,1,true
org.jfree.chart.axis.junit.CategoryAnchorTests.testSerialization,0,true
org.jfree.chart.axis.junit.CategoryAnchorTests.testEquals,0,true
org.jfree.chart.axis.junit.CategoryAnchorTests.testHashCode,0,true
org.jfree.data.xy.junit.XYIntervalTests.testSerialization,3,true
org.jfree.data.xy.junit.XYCoordinateTests.testHashcode,1,true
org.jfree.data.xy.junit.XYCoordinateTests.testCloning,1,true
org.jfree.data.xy.junit.XYCoordinateTests.testSerialization,1,true
org.jfree.data.time.junit.FixedMillisecondTests.testHashcode,1,true
org.jfree.chart.labels.junit.StandardCategorySeriesLabelGeneratorTests.testPublicCloneable,1,true
org.jfree.chart.labels.junit.StandardXYSeriesLabelGeneratorTests.testCloning,1,true
org.jfree.chart.labels.junit.StandardXYSeriesLabelGeneratorTests.testSerialization,1,true
org.jfree.data.junit.DomainOrderTests.testSerialization,3,true
org.jfree.data.junit.RangeTypeTests.testSerialization,3,true
org.jfree.data.xy.junit.YIntervalTests.testEquals,1,true
org.jfree.data.xy.junit.YWithXIntervalTests.testEquals,0,true
org.jfree.data.function.junit.NormalDistributionFunction2DTests.testEquals,0,true
org.jfree.data.junit.RangeTests.testSerialization,3,true
org.jfree.data.time.junit.TimePeriodAnchorTests.testEquals,0,true
org.jfree.data.function.junit.NormalDistributionFunction2DTests.testSerialization,1,true
org.jfree.chart.labels.junit.CustomXYItemLabelGeneratorTests.testCloning,1,true
org.jfree.chart.urls.junit.TimeSeriesURLGeneratorTests.testSerialization,7,true
org.jfree.chart.renderer.junit.GrayPaintScaleTests.testConstructor,1,true
org.jfree.chart.imagemap.junit.ImageMapUtilitiesTests.testJavascriptEscape,1,true
org.jfree.data.time.junit.TimePeriodAnchorTests.testSerialization,2,true
org.jfree.data.function.junit.LineFunction2DTests.testEquals,0,true
org.jfree.chart.util.junit.HashUtilitiesTests.testHashCodeForDoubleArray,0,true
org.jfree.chart.labels.junit.StandardCategorySeriesLabelGeneratorTests.testEquals,1,true
org.jfree.data.xy.junit.YIntervalTests.testSerialization,3,true
org.jfree.data.xy.junit.YWithXIntervalTests.testSerialization,2,true
org.jfree.data.function.junit.PowerFunction2DTests.testEquals,0,true
org.jfree.data.function.junit.LineFunction2DTests.testSerialization,1,true
org.jfree.chart.labels.junit.StandardCategorySeriesLabelGeneratorTests.testCloning,1,true
org.jfree.chart.labels.junit.StandardCategorySeriesLabelGeneratorTests.testSerialization,0,true
org.jfree.chart.block.junit.GridArrangementTests.testEquals,1,true
org.jfree.data.function.junit.PowerFunction2DTests.testSerialization,1,true
org.jfree.data.function.junit.PolynomialFunction2DTests.testGetOrder,0,true
org.jfree.data.function.junit.PolynomialFunction2DTests.testGetCoefficients,0,true
org.jfree.chart.block.junit.GridArrangementTests.testSerialization,1,true
org.jfree.data.junit.RangeTests.testConstructor,3,true
org.jfree.data.function.junit.PolynomialFunction2DTests.testSerialization,1,true
org.jfree.data.function.junit.PolynomialFunction2DTests.testEquals,0,true
org.jfree.data.function.junit.NormalDistributionFunction2DTests.testConstructor,1,true
org.jfree.data.junit.DefaultKeyedValueTests.testConstructor,2,true
org.jfree.data.general.junit.DatasetGroupTests.testSerialization,1,true
org.jfree.data.statistics.junit.MeanAndStandardDeviationTests.testCloning,1,true
org.jfree.chart.renderer.junit.OutlierTests.testConstructor,1,true
org.jfree.chart.renderer.junit.OutlierTests.testCloning,0,true
org.jfree.chart.renderer.junit.OutlierTests.testSerialization,0,true
org.jfree.chart.renderer.xy.junit.StandardXYBarPainterTests.testHashcode,0,true
org.jfree.chart.renderer.xy.junit.StandardXYBarPainterTests.testCloning,1,true
org.jfree.chart.renderer.xy.junit.StandardXYBarPainterTests.testSerialization,1,true
org.jfree.chart.renderer.xy.junit.StandardXYBarPainterTests.testEquals,1,true
org.jfree.chart.renderer.category.junit.StandardBarPainterTests.testHashcode,0,true
org.jfree.chart.renderer.category.junit.StandardBarPainterTests.testCloning,0,true
org.jfree.chart.renderer.category.junit.StandardBarPainterTests.testSerialization,1,true
org.jfree.chart.renderer.category.junit.StandardBarPainterTests.testEquals,0,true
org.jfree.data.xy.junit.XYIntervalTests.testCloning,1,true
org.jfree.data.function.junit.LineFunction2DTests.testConstructor,0,true
org.jfree.chart.labels.junit.SymbolicXYItemLabelGeneratorTests.testHashCode,1,true
org.jfree.chart.labels.junit.SymbolicXYItemLabelGeneratorTests.testPublicCloneable,0,true
org.jfree.data.function.junit.PowerFunction2DTests.testConstructor,1,true
org.jfree.data.function.junit.PolynomialFunction2DTests.testConstructor,0,true
org.jfree.data.xy.junit.YIntervalTests.testCloning,1,true
org.jfree.data.xy.junit.YWithXIntervalTests.testCloning,1,true
org.jfree.chart.labels.junit.SymbolicXYItemLabelGeneratorTests.testCloning,1,true
org.jfree.chart.labels.junit.SymbolicXYItemLabelGeneratorTests.testSerialization,1,true
org.jfree.chart.labels.junit.SymbolicXYItemLabelGeneratorTests.testEquals,1,true
org.jfree.chart.axis.junit.StandardTickUnitSourceTests.testSerialization,1,true
org.jfree.chart.axis.junit.StandardTickUnitSourceTests.testEquals,0,true
org.jfree.chart.block.junit.GridArrangementTests.testCloning,2,true
org.jfree.data.junit.ComparableObjectItemTests.testConstructor,1,true
org.jfree.chart.imagemap.junit.StandardURLTagFragmentGeneratorTests.testGenerateURLFragment,0,true
org.jfree.data.general.junit.DatasetUtilitiesTests.testJava,2,true
org.jfree.data.general.junit.DatasetUtilitiesTests.testIterateRangeBounds_IntervalCategoryDataset,1,true
org.jfree.data.general.junit.DatasetUtilitiesTests.testBug2849731,1,true
org.jfree.data.time.junit.TimeSeriesCollectionTests.testFindDomainBounds,0,true
org.jfree.chart.title.junit.ImageTitleTests.testSerialization,0,true
org.jfree.chart.axis.junit.PeriodAxisTests.test2490803,0,true
