closure_getlo: [0.7340793113434595, 0.7340793113434595, 0.7340793113434595, 0.7340793113434595, 0.7340793113434595, 0.7340793113434595, 0.7340793113434595, 0.7340793113434595, 0.7340793113434595, 0.7340793113434595], avg: 0.73408
closure_kanonizo: [
	]
closure_modificare: [
	HC_FA: [0.6713687950060855, 0.6761849363415335, 0.6860525069787572, 0.7199150929968424, 0.6778769763462974, 0.6563677347578422, 0.6985721506191559, 0.6887808307117605, 0.6619013591511042, 0.6801231049878144], avg: 0.68171
	random: [0.6721008020124383, 0.6988234149288762, 0.6999105324770013, 0.6933921843728122, 0.6820983619890838, 0.7269134576002371, 0.711087437074993, 0.6783047066307634, 0.6877075109147474, 0.687722761060713], avg: 0.69381
	ART_man_avg: [0.6608861351482459, 0.6997209949485707, 0.6780563471107509, 0.6748603522347999, 0.6871047670503894, 0.677244458387435, 0.6813649025878771, 0.6698067443407435, 0.6765828925314952, 0.6794971228057944], avg: 0.67851
	genetic: [0.6711741740956664, 0.7010056381968227, 0.6876617604768502, 0.6877169514812974, 0.6885818526167798, 0.6874017817980067, 0.7048080079242663, 0.6513598773016828, 0.6909652325719879, 0.7103096796307431], avg: 0.6881
	SANN: [0.7100315460162262, 0.7059822691636238, 0.6768341568412154, 0.6460608146773213, 0.6720978972227306, 0.6825435210117964, 0.6997042924077511, 0.6860880906526772, 0.7076873807220726, 0.6828782980256144], avg: 0.68699
	HC_SA: [0.6960101260969213, 0.6998771273953622, 0.7043744680603847, 0.6887808307117605, 0.6868338954101417, 0.6860539593736111, 0.6801231049878144, 0.7188962380068494, 0.6895702073148414, 0.6711574715548467], avg: 0.69217
	]
