closure_getlo: [0.7340793113434595, 0.7340793113434595, 0.7340793113434595, 0.7340793113434595, 0.7340793113434595, 0.7340793113434595, 0.7340793113434595, 0.7340793113434595, 0.7340793113434595, 0.7340793113434595, 0.7340793113434595, 0.7340793113434595, 0.7340793113434595, 0.7340793113434595, 0.7340793113434595, 0.7340793113434595, 0.7340793113434595, 0.7340793113434595, 0.7340793113434595, 0.7340793113434595], avg: 0.73408
closure_kanonizo: [
	]
closure_modificare: [
	HC_FA: [0.6713687950060855, 0.6761849363415335, 0.6860525069787572, 0.6843488478151624, 0.7199150929968424, 0.6778769763462974, 0.6668489422208279, 0.6563677347578422, 0.6985721506191559, 0.6889950589527071, 0.7288233568330821, 0.6956688133062606, 0.6887808307117605, 0.6499822807827828, 0.6619013591511042, 0.6801231049878144, 0.655432392471947, 0.687988549318972, 0.7190276797411251, 0.6703056419730493], avg: 0.68323
	random: [0.6721008020124383, 0.6988234149288762, 0.6999105324770013, 0.6933921843728122, 0.6820983619890838, 0.7269134576002371, 0.711087437074993, 0.6783047066307634, 0.6877075109147474, 0.687722761060713, 0.6539240804161982, 0.659159963864416, 0.6696135758251781, 0.6950014378709053, 0.6912128658945735, 0.7096292326417029, 0.7034180660491084, 0.6966172271458407, 0.6850278424093487, 0.6806299907918166], avg: 0.68911
	ART_man_avg: [0.6728023087268596, 0.6608861351482459, 0.6750077703124683, 0.6854076436636369, 0.6997209949485707, 0.6780563471107509, 0.6728901786155191, 0.6745509921309246, 0.6868781934531849, 0.6806423361480746, 0.6733898024452519, 0.6917843832695731, 0.6748603522347999, 0.6912847594398402, 0.6650051269538341, 0.6871047670503894, 0.677244458387435, 0.6746178022942029, 0.6813649025878771, 0.6789154386668177], avg: 0.67912
	genetic: [0.6711741740956664, 0.666615832846781, 0.7010056381968227, 0.6982831240432349, 0.6927858095213196, 0.6382621805094421, 0.6821346718604306, 0.6876617604768502, 0.6877169514812974, 0.701060103003843, 0.6885818526167798, 0.6874613299870155, 0.683693817736065, 0.6874017817980067, 0.7048080079242663, 0.7100300936213723, 0.6513598773016828, 0.6840242375653215, 0.7024892595400556, 0.6909652325719879], avg: 0.68588
	SANN: [0.6670210510110121, 0.7100315460162262, 0.7172775439422062, 0.6796510766603051, 0.6827628326347314, 0.7059822691636238, 0.703133396657749, 0.6768341568412154, 0.6765414992781597, 0.6460608146773213, 0.6847540659793934, 0.6720978972227306, 0.6651184137524363, 0.6556393587386241, 0.6888127833985459, 0.7023716155568916, 0.6825435210117964, 0.6911191864264986, 0.6997042924077511, 0.7129450500930985], avg: 0.68602
	HC_SA: [0.6956412178040371, 0.6960101260969213, 0.6998771273953622, 0.6909565182028646, 0.6931685155653157, 0.7053693585352888, 0.7043744680603847, 0.6887808307117605, 0.7179848602360431, 0.6868338954101417, 0.6858172190124295, 0.6477267115747155, 0.6860539593736111, 0.6801231049878144, 0.7188962380068494, 0.6921387676139186, 0.6895702073148414, 0.6890146662832344, 0.7067578480155928, 0.6711574715548467], avg: 0.69231
	]
