closure_getlo: [0.7340793113434595, 0.7340793113434595, 0.7340793113434595, 0.7340793113434595, 0.7340793113434595], avg: 0.73408
closure_kanonizo: [
	]
closure_modificare: [
	HC_FA: [0.6860525069787572, 0.6887808307117605, 0.6801231049878144, 0.6895702073148414, 0.709673530684746], avg: 0.69084
	random: [0.6721008020124383, 0.6988234149288762, 0.6999105324770013, 0.6933921843728122, 0.6820983619890838], avg: 0.68927
	ART_man_avg: [0.6608861351482459, 0.6997209949485707, 0.6871047670503894, 0.677244458387435, 0.6813649025878771], avg: 0.68126
	genetic: [0.6876617604768502, 0.6877169514812974, 0.6885818526167798, 0.6513598773016828, 0.6909652325719879], avg: 0.68126
	SANN: [0.7100315460162262, 0.7059822691636238, 0.6720978972227306, 0.6825435210117964, 0.6997042924077511], avg: 0.69407
	HC_SA: [0.6998771273953622, 0.6887808307117605, 0.6860539593736111, 0.6801231049878144, 0.6895702073148414], avg: 0.68888
	]
