time_getlo: [0.614185369196505, 0.614185369196505, 0.614185369196505, 0.614185369196505, 0.614185369196505], avg: 0.61419
time_kanonizo: [
	random: [0.6699883882511944, 0.6721444068054657, 0.6971415521638183, 0.7032885471777109, 0.6214650020934039], avg: 0.67281
	greedy: [0.643607505804438, 0.6441023103566399, 0.644064248468009, 0.6412000913485327, 0.6439215163856431], avg: 0.64338
	randomsearch: [0.6433505880561794, 0.6486507060480341, 0.6437026605260153, 0.6486792524645073, 0.6463003844250752], avg: 0.64614
	additionalgreedy: [0.5971529707304076, 0.588379705400982, 0.6345202298938074, 0.5792829140181935, 0.5904255319148937], avg: 0.59795
	geneticalgorithm: [0.5507364975450082, 0.6696037757393521, 0.6848856240246641, 0.6257755109808548, 0.6111978076352148], avg: 0.62844
	]
time_modificare: [
	HC_FA: [0.7360230712123808, 0.6848837873336759, 0.6578436411398549, 0.7084594445396227, 0.6756514952506044], avg: 0.69257
	random: [0.6510859840481221, 0.7597986027830126, 0.7372889421887194, 0.6469171758704052, 0.6697409247520606], avg: 0.69297
	ART_man_avg: [0.7023109283688348, 0.7202996211904898, 0.7619020425256505, 0.7407724668303733, 0.7357280185787981], avg: 0.7322
	genetic: [0.7317495669388765, 0.7811185350160851, 0.7775588677593132, 0.6909561608893457, 0.6988559572078502], avg: 0.73605
	SANN: [0.6528753355033978, 0.6279576647059942, 0.6913178383111568, 0.6851598043134791, 0.6711685987855253], avg: 0.6657
	HC_SA: [0.6270915424590258, 0.7011021643538348, 0.691346391791826, 0.6856737669655264, 0.6850170369101326], avg: 0.67805
	]
