time_getlo: [0.614185369196505, 0.614185369196505, 0.614185369196505, 0.614185369196505, 0.614185369196505, 0.614185369196505, 0.614185369196505, 0.614185369196505, 0.614185369196505, 0.614185369196505], avg: 0.61419
time_kanonizo: [
	greedy: [0.6454915692916683, 0.6423800098960911, 0.644064248468009, 0.6445114756594222, 0.6416092566513151, 0.6466143950062803, 0.6471662923914284, 0.6448920945457314, 0.643607505804438, 0.6494690366535988], avg: 0.64498
	randomsearch: [0.6486507060480341, 0.6452156205990941, 0.6480131694134663, 0.6442450424390058, 0.6486316751037187, 0.6468617972823812, 0.6397822859970311, 0.6429319072812393, 0.644625661325315, 0.6469759829482739], avg: 0.64559
	additionalgreedy: [0.6037662238800289, 0.5953260000761238, 0.5971529707304076, 0.5887793552316066, 0.588379705400982, 0.58256575191261, 0.5826038138012408, 0.5904445628592091, 0.6061641228637765, 0.5899497583070071], avg: 0.59251
	geneticalgorithm: [0.6044227914589122, 0.606744566665398, 0.6339778479808168, 0.5636489932630457, 0.6746660069272638, 0.598751570052906, 0.6561298671640087, 0.5507364975450082, 0.6891771019677997, 0.5865146728580672], avg: 0.61648
	]
time_modificare: [
	HC_FA: [0.7360230712123808, 0.6178497325490644, 0.6848837873336759, 0.6700074239049739, 0.6409970875449716, 0.6578436411398549, 0.7084594445396227, 0.7300934650600575, 0.7219842765499781, 0.6756514952506044], avg: 0.68438
	random: [0.6510859840481221, 0.7597986027830126, 0.7372889421887194, 0.6469171758704052, 0.6697409247520606, 0.6805817295795024, 0.7123141644299774, 0.6770410979765099, 0.720090228998915, 0.726476690841947], avg: 0.69813
	ART_man_avg: [0.7504520967772638, 0.7023109283688348, 0.7303218929054118, 0.7358803038090344, 0.7886185826052196, 0.7564768811984848, 0.7344716654293492, 0.7188433936763557, 0.7202996211904898, 0.7619020425256505], avg: 0.73996
	genetic: [0.7885329221632117, 0.7317495669388765, 0.7070793596406069, 0.7811185350160851, 0.7775588677593132, 0.6239982487198522, 0.6909561608893457, 0.780756857594274, 0.6502674509356023, 0.7027201949250946], avg: 0.72347
	SANN: [0.7304932137894277, 0.6964669826585194, 0.5908762111434717, 0.6835417737422191, 0.6528753355033978, 0.6789256277006833, 0.7311689794986008, 0.7596748710334457, 0.6279576647059942, 0.6913178383111568], avg: 0.68433
	HC_SA: [0.6270915424590258, 0.6488778482096967, 0.7065749148154493, 0.6897283612205661, 0.7059086669331658, 0.7011021643538348, 0.5909618715854795, 0.7056707212609217, 0.691346391791826, 0.6712352235737536], avg: 0.67385
	]
